1.069673180580139160e+00
9.998441338539123535e-01
1.001258730888366699e+00
9.976022839546203613e-01
1.018181204795837402e+00
1.030460476875305176e+00
1.035882949829101562e+00
1.039810776710510254e+00
1.039042830467224121e+00
1.035407304763793945e+00
1.039206266403198242e+00
1.039038658142089844e+00
1.038081645965576172e+00
1.041145205497741699e+00
1.031575798988342285e+00
1.032950401306152344e+00
1.028852224349975586e+00
1.029296398162841797e+00
1.025884628295898438e+00
1.016526818275451660e+00
1.005390167236328125e+00
9.953607916831970215e-01
9.819625020027160645e-01
9.694448709487915039e-01
9.819046258926391602e-01
1.012412905693054199e+00
1.017359733581542969e+00
1.000893473625183105e+00
9.788151383399963379e-01
9.560717940330505371e-01
9.381226301193237305e-01
9.339010715484619141e-01
9.196716547012329102e-01
9.090912342071533203e-01
8.964480757713317871e-01
8.862842917442321777e-01
8.806253671646118164e-01
8.677843213081359863e-01
8.520929217338562012e-01
8.462750315666198730e-01
8.336229920387268066e-01
8.100631833076477051e-01
8.045937418937683105e-01
7.870091795921325684e-01
7.728977203369140625e-01
7.613195180892944336e-01
7.434936761856079102e-01
7.345975637435913086e-01
7.269397974014282227e-01
7.084329724311828613e-01
7.440772652626037598e-01
6.902744770050048828e-01
6.710646748542785645e-01
6.578959822654724121e-01
6.447429060935974121e-01
6.238977313041687012e-01
6.301540732383728027e-01
6.068701744079589844e-01
5.949595570564270020e-01
5.870559215545654297e-01
6.122809052467346191e-01
5.655630826950073242e-01
5.563471317291259766e-01
5.422648787498474121e-01
5.296210050582885742e-01
5.237858295440673828e-01
5.158586502075195312e-01
6.845052242279052734e-01
5.218084454536437988e-01
5.030397772789001465e-01
4.832958281040191650e-01
4.789758026599884033e-01
4.848625659942626953e-01
4.727399051189422607e-01
5.218126773834228516e-01
4.668608903884887695e-01
4.614960551261901855e-01
4.563221335411071777e-01
4.409373104572296143e-01
4.400678873062133789e-01
4.372511208057403564e-01
4.293193221092224121e-01
4.246316552162170410e-01
4.125718474388122559e-01
4.123757183551788330e-01
4.106866419315338135e-01
4.086498320102691650e-01
4.004778265953063965e-01
8.106772303581237793e-01
7.890257239341735840e-01
5.377748608589172363e-01
4.466258585453033447e-01
4.140858650207519531e-01
4.069153368473052979e-01
3.960779011249542236e-01
3.895473480224609375e-01
3.846430182456970215e-01
3.829728066921234131e-01
3.745972216129302979e-01
3.694905936717987061e-01
3.707969188690185547e-01
3.586079776287078857e-01
3.529288470745086670e-01
3.481103777885437012e-01
3.626593351364135742e-01
3.458261787891387939e-01
3.418549597263336182e-01
3.564820885658264160e-01
3.331838250160217285e-01
3.271319568157196045e-01
3.255473077297210693e-01
3.279583752155303955e-01
3.202667832374572754e-01
3.176209330558776855e-01
3.050688207149505615e-01
3.040835559368133545e-01
3.009990155696868896e-01
3.037077486515045166e-01
2.964292168617248535e-01
3.028174340724945068e-01
2.977987527847290039e-01
2.832742929458618164e-01
2.834758758544921875e-01
2.773470878601074219e-01
2.725104689598083496e-01
2.701601982116699219e-01
2.704846858978271484e-01
2.713258266448974609e-01
2.727567851543426514e-01
2.560641467571258545e-01
2.611438632011413574e-01
2.537343502044677734e-01
2.562239468097686768e-01
2.502181231975555420e-01
2.621809840202331543e-01
2.520394027233123779e-01
2.454413473606109619e-01
2.390523552894592285e-01
2.364156544208526611e-01
2.312769144773483276e-01
2.311381101608276367e-01
2.251758426427841187e-01
2.213543355464935303e-01
2.255923300981521606e-01
2.270638495683670044e-01
2.204871028661727905e-01
2.147639095783233643e-01
2.070203572511672974e-01
2.120152264833450317e-01
2.083879411220550537e-01
2.095030099153518677e-01
2.001036554574966431e-01
2.049397081136703491e-01
2.037052214145660400e-01
2.062113136053085327e-01
1.941236257553100586e-01
1.939917504787445068e-01
1.972239017486572266e-01
1.932199299335479736e-01
1.857006400823593140e-01
1.885676681995391846e-01
1.903684288263320923e-01
1.861989349126815796e-01
1.858806759119033813e-01
1.766166388988494873e-01
1.815569251775741577e-01
1.730680018663406372e-01
1.708075702190399170e-01
1.719690263271331787e-01
1.719932258129119873e-01
1.711729615926742554e-01
1.734047681093215942e-01
1.638457775115966797e-01
1.618436723947525024e-01
1.614326536655426025e-01
1.606467217206954956e-01
1.711107045412063599e-01
1.585699319839477539e-01
1.674566119909286499e-01
1.564742028713226318e-01
1.566997021436691284e-01
1.596789807081222534e-01
1.546485126018524170e-01
1.553203314542770386e-01
1.487455070018768311e-01
1.573921889066696167e-01
1.427048891782760620e-01
1.472804695367813110e-01
1.513105034828186035e-01
1.485001891851425171e-01
1.510513871908187866e-01
1.394982188940048218e-01
1.470961719751358032e-01
1.407651603221893311e-01
1.430664658546447754e-01
1.386684328317642212e-01
1.410893499851226807e-01
1.424910426139831543e-01
1.389286965131759644e-01
1.330166012048721313e-01
1.408782154321670532e-01
1.337041407823562622e-01
1.379908919334411621e-01
1.376170516014099121e-01
1.319737285375595093e-01
1.323445737361907959e-01
1.286731064319610596e-01
1.327117383480072021e-01
1.282810121774673462e-01
1.267749369144439697e-01
1.282511353492736816e-01
1.264775395393371582e-01
1.268222332000732422e-01
1.235291212797164917e-01
1.229496449232101440e-01
1.276405900716781616e-01
1.245393231511116028e-01
1.278400719165802002e-01
1.197148934006690979e-01
1.274627894163131714e-01
1.245309934020042419e-01
1.181434616446495056e-01
1.244911104440689087e-01
1.184286177158355713e-01
1.202552691102027893e-01
1.133266314864158630e-01
1.165929809212684631e-01
1.139380708336830139e-01
1.172406077384948730e-01
1.085436195135116577e-01
1.180212423205375671e-01
1.154669448733329773e-01
1.194106787443161011e-01
1.149563491344451904e-01
1.119037419557571411e-01
1.087481901049613953e-01
1.188611313700675964e-01
1.102749928832054138e-01
1.223312914371490479e-01
1.127392873167991638e-01
1.128192245960235596e-01
1.115465164184570312e-01
1.104158684611320496e-01
1.139921993017196655e-01
1.098189353942871094e-01
1.105919331312179565e-01
1.111157909035682678e-01
1.060366928577423096e-01
1.065051183104515076e-01
1.096930354833602905e-01
1.114674285054206848e-01
1.042538136243820190e-01
1.075614318251609802e-01
1.041575074195861816e-01
1.007929295301437378e-01
1.063655614852905273e-01
9.891594946384429932e-02
1.037668809294700623e-01
1.071586608886718750e-01
1.045881807804107666e-01
1.024147346615791321e-01
1.029820665717124939e-01
9.909501671791076660e-02
9.798607230186462402e-02
1.011979207396507263e-01
1.011295318603515625e-01
9.702432900667190552e-02
9.907545149326324463e-02
1.002481281757354736e-01
9.841308742761611938e-02
1.005727723240852356e-01
1.020637303590774536e-01
9.975533932447433472e-02
9.967450052499771118e-02
9.189944714307785034e-02
9.536016732454299927e-02
9.841408580541610718e-02
1.013381779193878174e-01
9.763853996992111206e-02
9.759568423032760620e-02
9.303453564643859863e-02
9.943358600139617920e-02
9.456199407577514648e-02
9.705734252929687500e-02
9.412162750959396362e-02
9.141758084297180176e-02
9.373920410871505737e-02
9.408261626958847046e-02
9.689202904701232910e-02
9.652855992317199707e-02
9.391063451766967773e-02
8.918707072734832764e-02
9.600818157196044922e-02
9.018552303314208984e-02
9.472199529409408569e-02
9.497372061014175415e-02
9.475648403167724609e-02
9.559741616249084473e-02
9.175644814968109131e-02
9.114655107259750366e-02
9.238807857036590576e-02
9.667661041021347046e-02
8.843344449996948242e-02
8.909904211759567261e-02
9.473653882741928101e-02
9.206322580575942993e-02
8.868011832237243652e-02
8.718567341566085815e-02
8.271192014217376709e-02
8.930346369743347168e-02
9.159756451845169067e-02
8.651532977819442749e-02
8.595542609691619873e-02
8.147036284208297729e-02
8.656950294971466064e-02
9.209694713354110718e-02
8.667135983705520630e-02
8.560016006231307983e-02
8.651515096426010132e-02
8.142433315515518188e-02
8.322573453187942505e-02
8.635449409484863281e-02
8.358566462993621826e-02
8.641780167818069458e-02
8.436896651983261108e-02
8.176826685667037964e-02
8.530135452747344971e-02
8.997715264558792114e-02
7.996679097414016724e-02
8.013076335191726685e-02
8.711266517639160156e-02
8.411087095737457275e-02
7.920881360769271851e-02
7.999115437269210815e-02
8.762865513563156128e-02
8.292914181947708130e-02
8.097497373819351196e-02
8.511517941951751709e-02
8.101101964712142944e-02
8.256921172142028809e-02
8.179067075252532959e-02
8.211777359247207642e-02
8.092938363552093506e-02
8.168789744377136230e-02
8.099862188100814819e-02
7.951840758323669434e-02
8.601251244544982910e-02
7.833830267190933228e-02
8.345919102430343628e-02
8.130599558353424072e-02
8.152534812688827515e-02
7.998897135257720947e-02
7.824467122554779053e-02
8.372877538204193115e-02
7.813047617673873901e-02
7.998181134462356567e-02
7.748614251613616943e-02
7.956943660974502563e-02
8.039795607328414917e-02
7.416669279336929321e-02
8.235580474138259888e-02
7.623624801635742188e-02
7.992804795503616333e-02
7.673765718936920166e-02
7.379459589719772339e-02
7.354261726140975952e-02
7.721328735351562500e-02
7.976886630058288574e-02
7.819182425737380981e-02
7.598740607500076294e-02
7.593822479248046875e-02
7.670153677463531494e-02
7.615042477846145630e-02
7.558068633079528809e-02
7.213127613067626953e-02
7.734765857458114624e-02
7.326585799455642700e-02
7.976107299327850342e-02
7.321151345968246460e-02
7.491180300712585449e-02
7.541044801473617554e-02
7.583408802747726440e-02
7.215480506420135498e-02
7.773016393184661865e-02
7.617986202239990234e-02
7.152166962623596191e-02
7.361353188753128052e-02
7.610031962394714355e-02
7.303941249847412109e-02
7.372266054153442383e-02
7.316778600215911865e-02
7.251894474029541016e-02
7.153829932212829590e-02
6.808616220951080322e-02
6.764537841081619263e-02
6.927315890789031982e-02
7.245647162199020386e-02
7.440576702356338501e-02
7.199296355247497559e-02
7.246583700180053711e-02
7.315711677074432373e-02
7.420574128627777100e-02
6.656485050916671753e-02
7.267692685127258301e-02
6.861615926027297974e-02
6.892526894807815552e-02
7.337863743305206299e-02
6.949714571237564087e-02
7.004550099372863770e-02
6.978456676006317139e-02
7.425320148468017578e-02
7.315783202648162842e-02
6.602670252323150635e-02
6.851813197135925293e-02
6.766410171985626221e-02
6.956154853105545044e-02
7.039575278759002686e-02
7.181376218795776367e-02
6.717900186777114868e-02
6.715665757656097412e-02
6.951285898685455322e-02
6.961972266435623169e-02
6.727653741836547852e-02
6.988145411014556885e-02
6.827183067798614502e-02
6.622612476348876953e-02
6.658320128917694092e-02
6.986980885267257690e-02
6.562740355730056763e-02
6.593546271324157715e-02
6.402504444122314453e-02
6.707570701837539673e-02
6.405133754014968872e-02
6.930137425661087036e-02
6.662982702255249023e-02
6.711412966251373291e-02
6.781961023807525635e-02
6.449906527996063232e-02
6.474652886390686035e-02
6.509827077388763428e-02
6.611015647649765015e-02
6.771737337112426758e-02
6.442151963710784912e-02
6.539316475391387939e-02
6.893801689147949219e-02
6.425170600414276123e-02
6.554743647575378418e-02
6.396410614252090454e-02
6.425119936466217041e-02
6.720681488513946533e-02
6.602872908115386963e-02
6.236257031559944153e-02
6.528808176517486572e-02
5.974923819303512573e-02
6.169401481747627258e-02
6.628140807151794434e-02
6.388252973556518555e-02
6.492964923381805420e-02
6.370543688535690308e-02
6.428793817758560181e-02
6.496050953865051270e-02
6.440013647079467773e-02
6.087316200137138367e-02
6.034275889396667480e-02
6.183915957808494568e-02
6.125573068857192993e-02
6.191192194819450378e-02
6.212870031595230103e-02
6.301090866327285767e-02
6.374571472406387329e-02
5.979666113853454590e-02
6.336762011051177979e-02
6.013018637895584106e-02
6.131205707788467407e-02
6.243911013007164001e-02
6.172711029648780823e-02
5.948597192764282227e-02
5.785446614027023315e-02
5.784703418612480164e-02
5.932148545980453491e-02
6.182319670915603638e-02
5.769185721874237061e-02
6.134407594799995422e-02
5.908377468585968018e-02
6.085407361388206482e-02
6.092349067330360413e-02
5.910566076636314392e-02
5.926281213760375977e-02
5.641950666904449463e-02
6.199681758880615234e-02
5.622209981083869934e-02
6.176116317510604858e-02
5.917527899146080017e-02
6.077787280082702637e-02
5.809656158089637756e-02
5.942405760288238525e-02
5.684475228190422058e-02
5.804891884326934814e-02
5.831594392657279968e-02
5.678298696875572205e-02
5.874280631542205811e-02
5.613503977656364441e-02
5.779093503952026367e-02
6.036008149385452271e-02
5.826926603913307190e-02
5.737880617380142212e-02
6.068182364106178284e-02
5.457055568695068359e-02
5.588002130389213562e-02
5.619580298662185669e-02
5.991791188716888428e-02
5.696923285722732544e-02
5.726138502359390259e-02
5.574484914541244507e-02
5.465780571103096008e-02
5.456630140542984009e-02
5.735503137111663818e-02
5.637248232960700989e-02
5.326142162084579468e-02
5.354139208793640137e-02
5.776924267411231995e-02
5.498293787240982056e-02
5.410137400031089783e-02
5.784220620989799500e-02
5.606776848435401917e-02
5.351227894425392151e-02
5.615459382534027100e-02
5.467573180794715881e-02
5.299971997737884521e-02
5.333300307393074036e-02
5.261021852493286133e-02
5.409283190965652466e-02
5.401544645428657532e-02
5.377322062849998474e-02
5.300417169928550720e-02
5.575288087129592896e-02
5.555964633822441101e-02
5.287649855017662048e-02
5.529125407338142395e-02
5.436506494879722595e-02
5.524078011512756348e-02
5.299081280827522278e-02
5.276245996356010437e-02
5.460584163665771484e-02
5.309649184346199036e-02
5.444285646080970764e-02
5.208776891231536865e-02
5.201200023293495178e-02
5.042586475610733032e-02
5.401547253131866455e-02
5.087222903966903687e-02
5.154311284422874451e-02
5.253442749381065369e-02
5.299971997737884521e-02
5.278136581182479858e-02
5.115007236599922180e-02
5.320595577359199524e-02
5.002517625689506531e-02
5.228096619248390198e-02
5.076312646269798279e-02
5.170857533812522888e-02
4.994925111532211304e-02
4.864709824323654175e-02
5.235620960593223572e-02
5.099936202168464661e-02
4.893522709608078003e-02
5.275777354836463928e-02
5.108220130205154419e-02
5.171430855989456177e-02
4.962783306837081909e-02
4.810491949319839478e-02
4.948544129729270935e-02
5.134308710694313049e-02
4.924745857715606689e-02
4.713388159871101379e-02
5.221718922257423401e-02
4.852506890892982483e-02
5.179081112146377563e-02
4.815210029482841492e-02
5.149196460843086243e-02
5.067988857626914978e-02
4.868049547076225281e-02
4.945703968405723572e-02
4.746619239449501038e-02
4.912556335330009460e-02
4.766625538468360901e-02
4.812169447541236877e-02
4.839340224862098694e-02
4.738898575305938721e-02
4.768278077244758606e-02
4.778164252638816833e-02
4.826451092958450317e-02
4.538971558213233948e-02
4.821199923753738403e-02
4.817921668291091919e-02
5.107280984520912170e-02
4.806480929255485535e-02
4.852319508790969849e-02
4.721045866608619690e-02
4.765282571315765381e-02
4.787285253405570984e-02
4.526192322373390198e-02
4.792832583189010620e-02
4.874208942055702209e-02
4.528293013572692871e-02
4.975164309144020081e-02
4.695160686969757080e-02
4.857737198472023010e-02
4.672860354185104370e-02
4.841010645031929016e-02
4.548560455441474915e-02
4.754243418574333191e-02
4.684781283140182495e-02
4.533029347658157349e-02
4.601861536502838135e-02
4.640782997012138367e-02
4.702504724264144897e-02
4.650641605257987976e-02
4.683667048811912537e-02
4.674210771918296814e-02
4.618841409683227539e-02
4.479776695370674133e-02
4.355237260460853577e-02
4.371715709567070007e-02
4.437668249011039734e-02
4.582023620605468750e-02
4.616902768611907959e-02
4.618884995579719543e-02
4.371331632137298584e-02
4.566160961985588074e-02
4.499214887619018555e-02
4.358269274234771729e-02
4.449568688869476318e-02
4.373363777995109558e-02
4.201787337660789490e-02
4.246908426284790039e-02
4.572091251611709595e-02
4.540043696761131287e-02
4.185446351766586304e-02
4.400307685136795044e-02
4.259139299392700195e-02
4.272512346506118774e-02
4.249823838472366333e-02
4.497463256120681763e-02
4.424360021948814392e-02
4.396893084049224854e-02
4.359869286417961121e-02
4.142896458506584167e-02
4.310412332415580750e-02
4.298132285475730896e-02
4.441801086068153381e-02
4.332416504621505737e-02
4.381531849503517151e-02
4.303310811519622803e-02
4.295044019818305969e-02
4.244497790932655334e-02
4.326648637652397156e-02
4.164910316467285156e-02
4.205355048179626465e-02
4.142310470342636108e-02
4.238468036055564880e-02
4.205951467156410217e-02
4.056916758418083191e-02
4.339602589607238770e-02
4.210088029503822327e-02
3.963742777705192566e-02
4.286451637744903564e-02
4.030537232756614685e-02
4.207583516836166382e-02
3.946526348590850830e-02
4.127031564712524414e-02
4.252843186259269714e-02
4.076935723423957825e-02
4.090224951505661011e-02
4.003367200493812561e-02
4.134869575500488281e-02
3.890850767493247986e-02
4.078315570950508118e-02
4.184056445956230164e-02
4.098276048898696899e-02
3.928238898515701294e-02
4.072028398513793945e-02
4.132861644029617310e-02
4.125234112143516541e-02
3.888235241174697876e-02
4.099980741739273071e-02
3.958448395133018494e-02
4.048518836498260498e-02
4.020101204514503479e-02
4.061562940478324890e-02
3.989285975694656372e-02
3.993909806013107300e-02
3.883873671293258667e-02
4.154366254806518555e-02
3.959500789642333984e-02
3.682269528508186340e-02
3.972284868359565735e-02
3.830366954207420349e-02
3.943560272455215454e-02
3.834049031138420105e-02
3.883327171206474304e-02
3.938847780227661133e-02
3.798843175172805786e-02
3.980511054396629333e-02
3.922576457262039185e-02
3.943005204200744629e-02
3.956240043044090271e-02
3.672778978943824768e-02
3.812048584222793579e-02
3.943566977977752686e-02
3.904654085636138916e-02
3.841208294034004211e-02
3.812422230839729309e-02
3.883146867156028748e-02
3.856129944324493408e-02
3.845246881246566772e-02
3.671514987945556641e-02
3.865079581737518311e-02
3.941606357693672180e-02
3.856610134243965149e-02
3.896456584334373474e-02
3.859163448214530945e-02
3.715403378009796143e-02
3.764572367072105408e-02
3.862847760319709778e-02
3.917079791426658630e-02
3.902921080589294434e-02
3.869293630123138428e-02
3.745548427104949951e-02
3.653144836425781250e-02
3.570877760648727417e-02
3.724945709109306335e-02
3.591875731945037842e-02
3.549021482467651367e-02
3.656180948019027710e-02
3.569134324789047241e-02
3.655027598142623901e-02
3.632902354001998901e-02
3.744176030158996582e-02
3.681028634309768677e-02
3.773416206240653992e-02
3.588405624032020569e-02
3.763895109295845032e-02
3.658882156014442444e-02
3.705500066280364990e-02
3.788179159164428711e-02
3.560863435268402100e-02
3.510085865855216980e-02
3.665343672037124634e-02
3.576919436454772949e-02
3.576311469078063965e-02
3.573426604270935059e-02
3.583925962448120117e-02
3.479861840605735779e-02
3.429150208830833435e-02
3.499576821923255920e-02
3.596990928053855896e-02
3.650952875614166260e-02
3.608419001102447510e-02
3.554548695683479309e-02
3.613611683249473572e-02
3.456860035657882690e-02
3.531249985098838806e-02
3.428674116730690002e-02
3.465609624981880188e-02
3.514949604868888855e-02
3.398664668202400208e-02
3.507813438773155212e-02
3.445571660995483398e-02
3.353501483798027039e-02
3.370691835880279541e-02
3.511883318424224854e-02
3.530808538198471069e-02
3.537616133689880371e-02
3.410821780562400818e-02
3.312528878450393677e-02
3.541029244661331177e-02
3.515601903200149536e-02
3.432178124785423279e-02
3.257494047284126282e-02
3.532785549759864807e-02
3.435866534709930420e-02
3.315091878175735474e-02
3.356141224503517151e-02
3.403582051396369934e-02
3.318935632705688477e-02
3.385581448674201965e-02
3.358030691742897034e-02
3.414351120591163635e-02
3.212525323033332825e-02
3.361521661281585693e-02
3.268288820981979370e-02
3.339215368032455444e-02
3.319385275244712830e-02
3.371015936136245728e-02
3.322818875312805176e-02
3.228830918669700623e-02
3.453167155385017395e-02
3.440700471401214600e-02
3.269435465335845947e-02
3.199629858136177063e-02
3.315580636262893677e-02
3.258977830410003662e-02
3.346926346421241760e-02
3.388260677456855774e-02
3.215394541621208191e-02
3.162209689617156982e-02
3.144787997007369995e-02
3.328777849674224854e-02
3.238152712583541870e-02
3.142428398132324219e-02
3.244819864630699158e-02
3.291161730885505676e-02
3.214140236377716064e-02
3.161331638693809509e-02
3.174207359552383423e-02
3.271726146340370178e-02
3.167418763041496277e-02
3.253112360835075378e-02
3.143988549709320068e-02
3.187373280525207520e-02
3.205579891800880432e-02
3.122323378920555115e-02
3.213597461581230164e-02
3.269506618380546570e-02
3.179610148072242737e-02
3.096793033182621002e-02
3.197576478123664856e-02
3.175849840044975281e-02
3.137262910604476929e-02
3.096779622137546539e-02
3.077073208987712860e-02
3.001908212900161743e-02
3.254181519150733948e-02
3.187340125441551208e-02
3.047535754740238190e-02
3.067592903971672058e-02
3.113184496760368347e-02
3.159199282526969910e-02
3.137231618165969849e-02
3.046873770654201508e-02
3.122396953403949738e-02
3.076726011931896210e-02
2.993328124284744263e-02
2.995295636355876923e-02
3.082948364317417145e-02
3.017508238554000854e-02
3.103075735270977020e-02
3.068789094686508179e-02
2.968208491802215576e-02
3.092537261545658112e-02
3.057468123733997345e-02
3.080355189740657806e-02
3.017467632889747620e-02
2.987750992178916931e-02
3.014262206852436066e-02
3.027871623635292053e-02
3.058586642146110535e-02
3.066581860184669495e-02
3.102578967809677124e-02
2.964117005467414856e-02
2.928421273827552795e-02
2.876976691186428070e-02
2.989523857831954956e-02
3.037358820438385010e-02
2.889810688793659210e-02
2.977461740374565125e-02
2.912748977541923523e-02
2.910263650119304657e-02
2.953440696001052856e-02
2.924886345863342285e-02
3.013286553323268890e-02
2.871776930987834930e-02
2.883514575660228729e-02
2.941415831446647644e-02
2.924125641584396362e-02
3.034154884517192841e-02
2.976458705961704254e-02
2.954953163862228394e-02
2.834683097898960114e-02
2.963115833699703217e-02
2.904492430388927460e-02
2.886659838259220123e-02
2.781910449266433716e-02
2.868822030723094940e-02
2.814129553735256195e-02
2.900925651192665100e-02
2.899690344929695129e-02
2.944706566631793976e-02
2.888120710849761963e-02
2.811019681394100189e-02
2.760751917958259583e-02
2.848376333713531494e-02
2.802313491702079773e-02
2.810619026422500610e-02
2.952544577419757843e-02
2.766248211264610291e-02
2.862679027020931244e-02
2.881306223571300507e-02
2.740398608148097992e-02
2.912236750125885010e-02
2.843322046101093292e-02
2.709649503231048584e-02
2.824335917830467224e-02
2.820504270493984222e-02
2.756457030773162842e-02
2.897450700402259827e-02
2.770662866532802582e-02
2.897086367011070251e-02
2.695613726973533630e-02
2.851645089685916901e-02
2.725064568221569061e-02
2.793198637664318085e-02
2.650939673185348511e-02
2.689021266996860504e-02
2.820839919149875641e-02
2.763522230088710785e-02
2.735526859760284424e-02
2.722974866628646851e-02
2.753605507314205170e-02
2.849548868834972382e-02
2.709782309830188751e-02
2.743237838149070740e-02
2.749167568981647491e-02
2.704924531280994415e-02
2.724836766719818115e-02
2.718843519687652588e-02
2.725975960493087769e-02
2.638142742216587067e-02
2.733062766492366791e-02
2.664860896766185760e-02
2.689502574503421783e-02
2.636718563735485077e-02
2.719338983297348022e-02
2.704846300184726715e-02
2.586052380502223969e-02
2.678409218788146973e-02
2.587758004665374756e-02
2.710438147187232971e-02
2.687468379735946655e-02
2.697411924600601196e-02
2.640357799828052521e-02
2.685928158462047577e-02
2.683608420193195343e-02
2.671977877616882324e-02
2.587462030351161957e-02
2.589035406708717346e-02
2.591151930391788483e-02
2.642313577234745026e-02
2.602714858949184418e-02
2.655105479061603546e-02
2.616818994283676147e-02
2.638416178524494171e-02
2.667464502155780792e-02
2.558186091482639313e-02
2.594460733234882355e-02
2.668284811079502106e-02
2.586704865097999573e-02
2.582939714193344116e-02
2.633624710142612457e-02
2.513778023421764374e-02
2.615983411669731140e-02
2.572331950068473816e-02
2.559918165206909180e-02
2.513608895242214203e-02
2.599592506885528564e-02
2.553806453943252563e-02
2.515077032148838043e-02
2.541751600801944733e-02
2.495313994586467743e-02
2.602830901741981506e-02
2.527137845754623413e-02
2.406509779393672943e-02
2.552979439496994019e-02
2.562294714152812958e-02
2.477915398776531219e-02
2.488620392978191376e-02
2.485121227800846100e-02
2.600697055459022522e-02
2.563102543354034424e-02
2.462102472782135010e-02
2.483131736516952515e-02
2.453712560236454010e-02
2.494944259524345398e-02
2.500628679990768433e-02
2.448177337646484375e-02
2.481632120907306671e-02
2.454222179949283600e-02
2.507958188652992249e-02
2.519554644823074341e-02
2.506965398788452148e-02
2.506909705698490143e-02
2.475126832723617554e-02
2.431517280638217926e-02
2.486450970172882080e-02
2.468457445502281189e-02
2.431662194430828094e-02
2.412638440728187561e-02
2.410189807415008545e-02
2.377699129283428192e-02
2.423107437789440155e-02
2.435152791440486908e-02
2.403666451573371887e-02
2.471527457237243652e-02
2.401392720639705658e-02
2.442598156630992889e-02
2.499028109014034271e-02
2.458943985402584076e-02
2.408598549664020538e-02
2.499070018529891968e-02
2.414892427623271942e-02
2.444120123982429504e-02
2.447982691228389740e-02
2.435644716024398804e-02
2.350019849836826324e-02
2.466679178178310394e-02
2.380460873246192932e-02
2.419439703226089478e-02
2.363420836627483368e-02
2.350806444883346558e-02
2.432804740965366364e-02
2.384912781417369843e-02
2.378036081790924072e-02
2.328195050358772278e-02
2.403514459729194641e-02
2.427091263234615326e-02
2.397476509213447571e-02
2.345081232488155365e-02
2.360560186207294464e-02
2.377332001924514771e-02
2.398550696671009064e-02
2.313261479139328003e-02
2.415162697434425354e-02
2.355540171265602112e-02
2.358051948249340057e-02
2.296165563166141510e-02
2.359226718544960022e-02
2.332185022532939911e-02
2.402762882411479950e-02
2.331618405878543854e-02
2.320203930139541626e-02
2.312075160443782806e-02
2.351636812090873718e-02
2.315692976117134094e-02
2.356959320604801178e-02
2.300176210701465607e-02
2.371715009212493896e-02
2.353055961430072784e-02
2.379735000431537628e-02
2.354706265032291412e-02
2.354561910033226013e-02
2.336506173014640808e-02
2.270291373133659363e-02
2.282552048563957214e-02
2.291054464876651764e-02
2.291690744459629059e-02
2.313037216663360596e-02
2.285959385335445404e-02
2.251368388533592224e-02
2.301642857491970062e-02
2.257695421576499939e-02
2.309045754373073578e-02
2.251450531184673309e-02
2.244674414396286011e-02
2.256496623158454895e-02
2.288668602705001831e-02
2.291440218687057495e-02
2.240945585072040558e-02
2.214775606989860535e-02
2.281909994781017303e-02
2.234152518212795258e-02
2.220002561807632446e-02
2.205667644739151001e-02
2.230441011488437653e-02
2.196677401661872864e-02
2.200863137841224670e-02
2.246390655636787415e-02
2.214652299880981445e-02
2.208535745739936829e-02
2.184036187827587128e-02
2.191100828349590302e-02
2.239477261900901794e-02
2.255508489906787872e-02
2.186146937310695648e-02
2.182070352137088776e-02
2.218231558799743652e-02
2.255341410636901855e-02
2.197005413472652435e-02
2.225329540669918060e-02
2.240821160376071930e-02
2.208714187145233154e-02
2.217126078903675079e-02
2.181868068873882294e-02
2.168494462966918945e-02
2.157084457576274872e-02
2.204394340515136719e-02
2.186865545809268951e-02
2.241809293627738953e-02
2.166957966983318329e-02
2.174572646617889404e-02
2.119626477360725403e-02
2.167957089841365814e-02
2.167945727705955505e-02
2.162986248731613159e-02
2.190674655139446259e-02
2.131836861371994019e-02
2.129445783793926239e-02
2.163029648363590240e-02
2.140174619853496552e-02
2.175115235149860382e-02
2.084165439009666443e-02
2.158847264945507050e-02
2.111864835023880005e-02
2.120787091553211212e-02
2.138193324208259583e-02
2.147947624325752258e-02
2.122088149189949036e-02
2.171408943831920624e-02
2.125962078571319580e-02
2.127622812986373901e-02
2.114104852080345154e-02
2.110683545470237732e-02
2.143918909132480621e-02
2.104672603309154510e-02
2.083053253591060638e-02
2.083642594516277313e-02
2.084637805819511414e-02
2.114812284708023071e-02
2.132465131580829620e-02
2.082004398107528687e-02
2.071900665760040283e-02
2.083686552941799164e-02
2.112529240548610687e-02
2.112901210784912109e-02
2.091645449399948120e-02
2.145167998969554901e-02
2.087115496397018433e-02
2.070596441626548767e-02
2.090913616120815277e-02
2.082204446196556091e-02
2.091451920568943024e-02
2.087923325598239899e-02
2.124321833252906799e-02
2.077022194862365723e-02
2.091540023684501648e-02
2.070106938481330872e-02
2.051423117518424988e-02
2.057911828160285950e-02
2.050996944308280945e-02
2.057226002216339111e-02
2.078349143266677856e-02
2.045607753098011017e-02
2.059646509587764740e-02
2.040253952145576477e-02
2.062216401100158691e-02
2.072777971625328064e-02
2.045653015375137329e-02
2.022534608840942383e-02
2.062831073999404907e-02
2.021701261401176453e-02
2.027493156492710114e-02
2.025096490979194641e-02
2.025183476507663727e-02
2.038046345114707947e-02
2.059930376708507538e-02
2.030046470463275909e-02
2.010837383568286896e-02
1.994081772863864899e-02
2.005627751350402832e-02
2.021367289125919342e-02
2.019288018345832825e-02
2.022118680179119110e-02
2.003013715147972107e-02
2.043261379003524780e-02
2.012980543076992035e-02
2.051754668354988098e-02
2.002043277025222778e-02
2.036639675498008728e-02
2.025951072573661804e-02
2.008661814033985138e-02
2.025234326720237732e-02
1.995182782411575317e-02
1.963284425437450409e-02
2.009445056319236755e-02
1.999708078801631927e-02
2.015920728445053101e-02
1.978661678731441498e-02
1.990588009357452393e-02
1.976773701608181000e-02
1.992965862154960632e-02
2.010526880621910095e-02
2.013924904167652130e-02
1.977183669805526733e-02
1.995695382356643677e-02
1.971832476556301117e-02
1.986301131546497345e-02
1.991431415081024170e-02
1.969899050891399384e-02
1.961935311555862427e-02
1.998174376785755157e-02
1.991557516157627106e-02
1.965497806668281555e-02
1.968436688184738159e-02
1.958624646067619324e-02
2.006939612329006195e-02
1.937776058912277222e-02
1.961988396942615509e-02
1.937943324446678162e-02
1.957952603697776794e-02
1.925664767622947693e-02
1.922031305730342865e-02
1.922157593071460724e-02
1.925270259380340576e-02
1.934915408492088318e-02
1.966369897127151489e-02
1.906074583530426025e-02
1.933898776769638062e-02
1.962643675506114960e-02
1.941905356943607330e-02
1.938560605049133301e-02
1.959195546805858612e-02
1.922096498310565948e-02
1.940293051302433014e-02
1.920400559902191162e-02
1.925666816532611847e-02
1.949830353260040283e-02
1.906823180615901947e-02
1.914524473249912262e-02
1.914373785257339478e-02
1.949610374867916107e-02
1.899186521768569946e-02
1.903295703232288361e-02
1.887136138975620270e-02
1.908178813755512238e-02
1.941487565636634827e-02
1.920810900628566742e-02
1.910678483545780182e-02
1.911629736423492432e-02
1.909728161990642548e-02
1.895183883607387543e-02
1.915442943572998047e-02
1.909317821264266968e-02
1.889508403837680817e-02
1.887512020766735077e-02
1.885474286973476410e-02
1.916162855923175812e-02
1.894623786211013794e-02
1.871748454868793488e-02
1.894555240869522095e-02
1.887438632547855377e-02
1.880757324397563934e-02
1.898697577416896820e-02
1.862083189189434052e-02
1.878953911364078522e-02
1.853692159056663513e-02
1.881728507578372955e-02
1.907029747962951660e-02
1.926468312740325928e-02
1.874650456011295319e-02
1.872387714684009552e-02
1.885407976806163788e-02
1.880922354757785797e-02
1.857117563486099243e-02
1.881160773336887360e-02
1.868573017418384552e-02
1.869371905922889709e-02
1.846844144165515900e-02
1.859308965504169464e-02
1.853352040052413940e-02
1.873829029500484467e-02
1.892813295125961304e-02
1.860964670777320862e-02
1.863894984126091003e-02
1.862852089107036591e-02
1.862504892051219940e-02
1.863520964980125427e-02
1.868480630218982697e-02
1.827976107597351074e-02
1.849887147545814514e-02
1.870566233992576599e-02
1.842674985527992249e-02
1.851369626820087433e-02
1.851321198046207428e-02
1.823226548731327057e-02
1.832649484276771545e-02
1.838473230600357056e-02
1.822375506162643433e-02
1.802765391767024994e-02
1.833392679691314697e-02
1.837369799613952637e-02
1.823149807751178741e-02
1.810444705188274384e-02
1.838644780218601227e-02
1.816672831773757935e-02
1.813611947000026703e-02
1.800078712403774261e-02
1.819892227649688721e-02
1.798089593648910522e-02
1.824373379349708557e-02
1.830941252410411835e-02
1.818125136196613312e-02
1.811641454696655273e-02
1.799178496003150940e-02
1.806550845503807068e-02
1.806437224149703979e-02
1.797333173453807831e-02
1.812280900776386261e-02
1.845135353505611420e-02
1.821423508226871490e-02
1.805063150823116302e-02
1.802440546452999115e-02
1.818746887147426605e-02
1.804855838418006897e-02
1.791238039731979370e-02
1.790591888129711151e-02
1.792905852198600769e-02
1.812941581010818481e-02
1.798092201352119446e-02
1.783815957605838776e-02
1.803999021649360657e-02
1.790066808462142944e-02
1.781796291470527649e-02
1.815033517777919769e-02
1.794796809554100037e-02
1.783460192382335663e-02
1.801076345145702362e-02
1.768234185874462128e-02
1.769699156284332275e-02
1.774626225233078003e-02
1.777957007288932800e-02
1.779559813439846039e-02
1.774651929736137390e-02
1.783130690455436707e-02
1.767912507057189941e-02
1.791074872016906738e-02
1.741149835288524628e-02
1.760961487889289856e-02
1.772475801408290863e-02
1.773670315742492676e-02
1.762841269373893738e-02
1.758911088109016418e-02
1.747750490903854370e-02
1.761314086616039276e-02
1.754673011600971222e-02
1.763843744993209839e-02
1.748291775584220886e-02
1.742061786353588104e-02
1.754923351109027863e-02
1.765849627554416656e-02
1.757032796740531921e-02
1.768369972705841064e-02
1.774520426988601685e-02
1.743631809949874878e-02
1.749530434608459473e-02
1.741404272615909576e-02
1.747280359268188477e-02
1.745482720434665680e-02
1.753456704318523407e-02
1.742761582136154175e-02
1.749859750270843506e-02
1.746172085404396057e-02
1.730181090533733368e-02
1.746646873652935028e-02
1.744262129068374634e-02
1.734029687941074371e-02
1.723620481789112091e-02
1.733303256332874298e-02
1.761402748525142670e-02
1.742454618215560913e-02
1.733662188053131104e-02
1.728792488574981689e-02
1.736166328191757202e-02
1.738202758133411407e-02
1.727288030087947845e-02
1.725505106151103973e-02
1.726703345775604248e-02
1.728401519358158112e-02
1.720399968326091766e-02
1.734686642885208130e-02
1.710895262658596039e-02
1.722046174108982086e-02
1.724670641124248505e-02
1.728490926325321198e-02
1.709617860615253448e-02
1.705590263009071350e-02
1.721625588834285736e-02
1.721672341227531433e-02
1.715971529483795166e-02
1.712032593786716461e-02
1.717244833707809448e-02
1.718115434050559998e-02
1.709394529461860657e-02
1.713671535253524780e-02
1.712782867252826691e-02
1.719128526747226715e-02
1.711478456854820251e-02
1.716374792158603668e-02
1.700272224843502045e-02
1.710703223943710327e-02
1.696022227406501770e-02
1.696227118372917175e-02
1.696748472750186920e-02
1.712105795741081238e-02
1.697033643722534180e-02
1.701189577579498291e-02
1.696859300136566162e-02
1.705386117100715637e-02
1.707135513424873352e-02
1.704804226756095886e-02
1.705455966293811798e-02
1.704678311944007874e-02
1.706612296402454376e-02
1.697294041514396667e-02
1.703563891351222992e-02
1.697368919849395752e-02
1.702272519469261169e-02
1.686052791774272919e-02
1.683722063899040222e-02
1.677950471639633179e-02
1.688011549413204193e-02
1.692523993551731110e-02
1.676134392619132996e-02
1.686749048531055450e-02
1.681501232087612152e-02
1.674025878310203552e-02
1.689090766012668610e-02
1.688317582011222839e-02
1.695215515792369843e-02
1.683946885168552399e-02
1.690907403826713562e-02
1.693524792790412903e-02
1.676476933062076569e-02
1.679807156324386597e-02
1.687363907694816589e-02
1.668906956911087036e-02
1.677848026156425476e-02
1.677402481436729431e-02
1.665193401277065277e-02
1.655790954828262329e-02
1.672639138996601105e-02
1.669870689511299133e-02
1.671326160430908203e-02
1.655833609402179718e-02
1.677914895117282867e-02
1.662187092006206512e-02
1.696816086769104004e-02
1.659712567925453186e-02
1.663470081984996796e-02
1.653352938592433929e-02
1.656282879412174225e-02
1.666327379643917084e-02
1.661980710923671722e-02
1.655146852135658264e-02
1.660779863595962524e-02
1.666445471346378326e-02
1.662408187985420227e-02
1.653914898633956909e-02
1.640276238322257996e-02
1.662023924291133881e-02
1.668679900467395782e-02
1.644954457879066467e-02
1.664895191788673401e-02
1.639221608638763428e-02
1.668331399559974670e-02
1.656868681311607361e-02
1.656924188137054443e-02
1.645061373710632324e-02
1.635358482599258423e-02
1.644262671470642090e-02
1.650846190750598907e-02
1.640947163105010986e-02
1.654218323528766632e-02
1.639232784509658813e-02
1.639333926141262054e-02
1.654537022113800049e-02
1.642751879990100861e-02
1.658604852855205536e-02
1.645908690989017487e-02
1.648978702723979950e-02
1.655273325741291046e-02
1.630242913961410522e-02
1.639853231608867645e-02
1.620787382125854492e-02
1.645048335194587708e-02
1.641092635691165924e-02
1.645638421177864075e-02
1.625970564782619476e-02
1.637000218033790588e-02
1.638003252446651459e-02
1.637336425483226776e-02
1.639079488813877106e-02
1.624863594770431519e-02
1.623074710369110107e-02
1.621566526591777802e-02
1.634520292282104492e-02
1.630470529198646545e-02
1.624739542603492737e-02
1.649746485054492950e-02
1.634264551103115082e-02
1.625076681375503540e-02
1.634028926491737366e-02
1.636459305882453918e-02
1.628833636641502380e-02
1.614233478903770447e-02
1.633607596158981323e-02
1.617534644901752472e-02
1.618216186761856079e-02
1.619890332221984863e-02
1.622803322970867157e-02
1.614286005496978760e-02
1.626745797693729401e-02
1.632537506520748138e-02
1.619575172662734985e-02
1.621995121240615845e-02
1.621373370289802551e-02
1.629879698157310486e-02
1.623895391821861267e-02
1.631223782896995544e-02
1.625336520373821259e-02
1.616685651242733002e-02
1.618360914289951324e-02
1.619439572095870972e-02
1.625592075288295746e-02
1.631937734782695770e-02
1.628856547176837921e-02
1.620936952531337738e-02
1.607978343963623047e-02
1.607813499867916107e-02
1.597828231751918793e-02
1.604289188981056213e-02
1.621639728546142578e-02
1.605427637696266174e-02
1.612787693738937378e-02
1.611172966659069061e-02
1.606819406151771545e-02
1.597324572503566742e-02
1.612719707190990448e-02
1.619739830493927002e-02
1.599893346428871155e-02
1.605224423110485077e-02
1.601704955101013184e-02
1.609164848923683167e-02
1.608020812273025513e-02
1.595790311694145203e-02
1.602249406278133392e-02
1.603005453944206238e-02
1.611186936497688293e-02
1.604113727807998657e-02
1.603284105658531189e-02
1.593149639666080475e-02
1.599624007940292358e-02
1.590920984745025635e-02
1.593518629670143127e-02
1.587137207388877869e-02
1.614740863442420959e-02
1.595236174762248993e-02
1.582037843763828278e-02
1.585458777844905853e-02
1.590789295732975006e-02
1.595906168222427368e-02
1.589653640985488892e-02
1.598363742232322693e-02
1.601729355752468109e-02
1.607693731784820557e-02
1.598501577973365784e-02
1.591152139008045197e-02
1.598806120455265045e-02
1.597354002296924591e-02
1.595014706254005432e-02
1.593924127519130707e-02
1.589613407850265503e-02
1.605266705155372620e-02
1.595259085297584534e-02
1.573146320879459381e-02
1.605575159192085266e-02
1.580498740077018738e-02
1.582705043256282806e-02
1.575393415987491608e-02
1.588738709688186646e-02
1.591406948864459991e-02
1.600136049091815948e-02
1.599101908504962921e-02
1.580276899039745331e-02
1.585240475833415985e-02
1.581617072224617004e-02
1.575700566172599792e-02
1.583138480782508850e-02
1.582800969481468201e-02
1.566009223461151123e-02
1.576274819672107697e-02
1.593654230237007141e-02
1.584131270647048950e-02
1.596952974796295166e-02
1.587357744574546814e-02
1.584120281040668488e-02
1.586788333952426910e-02
1.574253849685192108e-02
1.582902856171131134e-02
1.568055897951126099e-02
1.575610972940921783e-02
1.589650660753250122e-02
1.585864834487438202e-02
1.574116386473178864e-02
1.568814367055892944e-02
1.578144915401935577e-02
1.588474772870540619e-02
1.568482816219329834e-02
1.579295098781585693e-02
1.580661348998546600e-02
1.572828739881515503e-02
1.561843417584896088e-02
1.590179651975631714e-02
1.565186679363250732e-02
1.579394377768039703e-02
1.581969112157821655e-02
1.569555141031742096e-02
1.560069061815738678e-02
1.563782617449760437e-02
1.557578612118959427e-02
1.565462164580821991e-02
1.578898727893829346e-02
1.566984876990318298e-02
1.560680475085973740e-02
1.569732464849948883e-02
1.563818752765655518e-02
1.559677161276340485e-02
1.559197716414928436e-02
1.564324460923671722e-02
1.572031155228614807e-02
1.559837721288204193e-02
1.572554372251033783e-02
1.575586199760437012e-02
1.569053716957569122e-02
1.578266546130180359e-02
1.560632232576608658e-02
1.566841825842857361e-02
1.555856782943010330e-02
1.548071857541799545e-02
1.555386371910572052e-02
1.568408496677875519e-02
1.577024534344673157e-02
1.551258098334074020e-02
1.546436455100774765e-02
1.570188067853450775e-02
1.546757016330957413e-02
1.545273978263139725e-02
1.546444743871688843e-02
1.564605161547660828e-02
1.571009494364261627e-02
1.554678007960319519e-02
1.577642187476158142e-02
1.567999459803104401e-02
1.557664666324853897e-02
1.532450783997774124e-02
1.552706211805343628e-02
1.544538699090480804e-02
1.550020743161439896e-02
1.555706094950437546e-02
1.531359180808067322e-02
1.546023972332477570e-02
1.554175373166799545e-02
1.556965988129377365e-02
1.545630861073732376e-02
1.554781943559646606e-02
1.543081086128950119e-02
1.535524986684322357e-02
1.543751358985900879e-02
1.542237121611833572e-02
1.535604149103164673e-02
1.555272936820983887e-02
1.541336998343467712e-02
1.561864651739597321e-02
1.553587801754474640e-02
1.537376549094915390e-02
1.555769704282283783e-02
1.542853005230426788e-02
1.549584418535232544e-02
1.533115841448307037e-02
1.541109010577201843e-02
1.552406325936317444e-02
1.550676766782999039e-02
1.580590382218360901e-02
1.535981241613626480e-02
1.537406630814075470e-02
1.542086154222488403e-02
1.543515175580978394e-02
1.533780526369810104e-02
1.535387523472309113e-02
1.543938647955656052e-02
1.550490222871303558e-02
1.552597153931856155e-02
1.561023946851491928e-02
1.549346465617418289e-02
1.548560429364442825e-02
1.553843542933464050e-02
1.527239941060543060e-02
1.536900363862514496e-02
1.534462440758943558e-02
1.536426134407520294e-02
1.527416240423917770e-02
1.534285396337509155e-02
1.546993572264909744e-02
1.537702605128288269e-02
1.535779330879449844e-02
1.532177533954381943e-02
1.546244136989116669e-02
1.547281816601753235e-02
1.539661642163991928e-02
1.547842100262641907e-02
1.522826030850410461e-02
1.552538946270942688e-02
1.549852173775434494e-02
1.535558793693780899e-02
1.562157180160284042e-02
1.528629101812839508e-02
1.521906442940235138e-02
1.536677777767181396e-02
1.542349997907876968e-02
1.552493777126073837e-02
1.542388927191495895e-02
1.535758748650550842e-02
1.543786376714706421e-02
1.534517202526330948e-02
1.520898099988698959e-02
1.516473107039928436e-02
1.531220786273479462e-02
1.520859263837337494e-02
1.529526896774768829e-02
1.519651431590318680e-02
1.528563722968101501e-02
1.528475433588027954e-02
1.531956158578395844e-02
1.518275681883096695e-02
1.525183580815792084e-02
1.519696786999702454e-02
1.529424544423818588e-02
1.529855839908123016e-02
1.523531414568424225e-02
1.529423613101243973e-02
1.539143547415733337e-02
1.528073288500308990e-02
1.519422885030508041e-02
1.537858042865991592e-02
1.515656057745218277e-02
1.537923701107501984e-02
1.524175982922315598e-02
1.511372439563274384e-02
1.521079614758491516e-02
1.539993099868297577e-02
1.525868847966194153e-02
1.551141124218702316e-02
1.534533314406871796e-02
1.532602217048406601e-02
1.530907116830348969e-02
1.521213632076978683e-02
1.514849904924631119e-02
1.523665152490139008e-02
1.515884511172771454e-02
1.527389511466026306e-02
1.514603849500417709e-02
1.524609886109828949e-02
1.549960114061832428e-02
1.538761239498853683e-02
1.512999273836612701e-02
1.516724284738302231e-02
1.540607400238513947e-02
1.521104201674461365e-02
1.519615668803453445e-02
1.541172247380018234e-02
1.521197427064180374e-02
1.522123347967863083e-02
1.532846130430698395e-02
1.549232937395572662e-02
1.524105109274387360e-02
1.525026746094226837e-02
1.537997927516698837e-02
1.537793502211570740e-02
1.538391318172216415e-02
1.538242958486080170e-02
1.528382487595081329e-02
1.523672603070735931e-02
1.529085077345371246e-02
1.521780621260404587e-02
1.535931881517171860e-02
1.516489498317241669e-02
1.540864445269107819e-02
1.545565575361251831e-02
1.509030349552631378e-02
1.511379797011613846e-02
1.507569942623376846e-02
1.526319608092308044e-02
1.518165133893489838e-02
1.524822320789098740e-02
1.531668752431869507e-02
1.521807070821523666e-02
1.516344584524631500e-02
1.528622582554817200e-02
1.528215501457452774e-02
1.517008990049362183e-02
1.521802786737680435e-02
1.522481255233287811e-02
1.518542598932981491e-02
1.526686921715736389e-02
1.516107283532619476e-02
1.517356559634208679e-02
1.524118892848491669e-02
1.546677574515342712e-02
1.512846723198890686e-02
1.549190282821655273e-02
1.535833813250064850e-02
1.534816995263099670e-02
1.541778165847063065e-02
1.519248634576797485e-02
1.521630678325891495e-02
1.509526744484901428e-02
1.517451461404561996e-02
1.507102511823177338e-02
1.519279088824987411e-02
1.525363791733980179e-02
1.524528954178094864e-02
1.528370194137096405e-02
1.524957269430160522e-02
1.512076612561941147e-02
1.521655265241861343e-02
1.519573573023080826e-02
1.520726550370454788e-02
1.529428549110889435e-02
1.530658639967441559e-02
1.525929290801286697e-02
1.501797698438167572e-02
1.523958519101142883e-02
1.526273507624864578e-02
1.523961685597896576e-02
1.523875724524259567e-02
1.527724694460630417e-02
1.529642194509506226e-02
1.509867422282695770e-02
1.504826918244361877e-02
1.516602933406829834e-02
1.493324246257543564e-02
1.514578424394130707e-02
1.502711046487092972e-02
1.488794479519128799e-02
1.523887831717729568e-02
1.503073982894420624e-02
1.517800893634557724e-02
1.542418915778398514e-02
1.502825599163770676e-02
1.522646751254796982e-02
1.517385896295309067e-02
1.519246492534875870e-02
1.514709275215864182e-02
1.506069116294384003e-02
1.515972428023815155e-02
1.515147276222705841e-02
1.501211989670991898e-02
1.513775903731584549e-02
1.528877299278974533e-02
1.490749698132276535e-02
1.505551114678382874e-02
1.524929236620664597e-02
1.510926894843578339e-02
1.510803308337926865e-02
1.511063333600759506e-02
1.510446425527334213e-02
1.519951410591602325e-02
1.500930450856685638e-02
1.549847424030303955e-02
1.521051581948995590e-02
1.535115577280521393e-02
1.507086399942636490e-02
1.511235721409320831e-02
1.526820193976163864e-02
1.512721087783575058e-02
1.496558543294668198e-02
1.488677598536014557e-02
1.510541234165430069e-02
1.515779085457324982e-02
1.509404182434082031e-02
1.521994266659021378e-02
1.502418704330921173e-02
1.510851085186004639e-02
1.513193175196647644e-02
1.499652676284313202e-02
1.507284119725227356e-02
1.504809036850929260e-02
1.497306022793054581e-02
1.523819379508495331e-02
1.491918042302131653e-02
1.524634938687086105e-02
1.524624694138765335e-02
1.503080781549215317e-02
1.491698995232582092e-02
1.497085019946098328e-02
1.498295646160840988e-02
1.490469090640544891e-02
1.510625332593917847e-02
1.520060468465089798e-02
1.528285257518291473e-02
1.513452082872390747e-02
1.506226882338523865e-02
1.513187959790229797e-02
1.515322364866733551e-02
1.496720686554908752e-02
1.500563323497772217e-02
1.519124861806631088e-02
1.493846997618675232e-02
1.495053619146347046e-02
1.524070277810096741e-02
1.496510952711105347e-02
1.517166290432214737e-02
1.501595880836248398e-02
1.497618108987808228e-02
1.524354424327611923e-02
1.499450579285621643e-02
1.520560029894113541e-02
1.514370739459991455e-02
1.510592456907033920e-02
1.517460122704505920e-02
1.527406554669141769e-02
1.499715633690357208e-02
1.533350441604852676e-02
1.520784106105566025e-02
1.489426381886005402e-02
1.515378057956695557e-02
1.524402201175689697e-02
1.493834145367145538e-02
1.514751370996236801e-02
1.507795415818691254e-02
1.510018948465585709e-02
1.510527078062295914e-02
1.545849721878767014e-02
1.517597772181034088e-02
1.508417166769504547e-02
1.502763666212558746e-02
1.510080974549055099e-02
1.517547480762004852e-02
1.525887474417686462e-02
1.505324896425008774e-02
1.503788959234952927e-02
1.497097872197628021e-02
1.500532496720552444e-02
1.484634540975093842e-02
1.507075130939483643e-02
1.494711730629205704e-02
1.495037600398063660e-02
1.483845151960849762e-02
1.501710433512926102e-02
1.496072858572006226e-02
1.493504177778959274e-02
1.496375724673271179e-02
1.494909077882766724e-02
1.524321828037500381e-02
1.513420324772596359e-02
1.493550557643175125e-02
1.494050957262516022e-02
1.501563936471939087e-02
1.487954892218112946e-02
1.488258130848407745e-02
1.500285882502794266e-02
1.486444659531116486e-02
1.503573730587959290e-02
1.488294731825590134e-02
1.492081489413976669e-02
1.509873196482658386e-02
1.497922651469707489e-02
1.514706946909427643e-02
1.529658026993274689e-02
1.486121490597724915e-02
1.510418113321065903e-02
1.503152679651975632e-02
1.499577611684799194e-02
1.502689626067876816e-02
1.499229855835437775e-02
1.517141051590442657e-02
1.502567157149314880e-02
1.496853679418563843e-02
1.492674369364976883e-02
1.505191437900066376e-02
1.484373491257429123e-02
1.503765489906072617e-02
1.492683216929435730e-02
1.507051754742860794e-02
1.486660167574882507e-02
1.501522026956081390e-02
1.495757047086954117e-02
1.501717697829008102e-02
1.487049181014299393e-02
1.505125500261783600e-02
1.488142833113670349e-02
1.486071571707725525e-02
1.488993410021066666e-02
1.492917165160179138e-02
1.508537121117115021e-02
1.500330120325088501e-02
1.504348497837781906e-02
1.507320161908864975e-02
1.529602054506540298e-02
1.513216830790042877e-02
1.519310008734464645e-02
1.499810721725225449e-02
