1.061689376831054688e+00
1.000052571296691895e+00
1.000072479248046875e+00
1.000638961791992188e+00
9.993000626564025879e-01
9.964322447776794434e-01
9.953165650367736816e-01
9.929348230361938477e-01
9.860109686851501465e-01
9.768822789192199707e-01
9.695285558700561523e-01
9.617349505424499512e-01
9.538730382919311523e-01
9.416103959083557129e-01
9.307777285575866699e-01
9.143261909484863281e-01
8.950037360191345215e-01
9.496744871139526367e-01
8.729728460311889648e-01
8.421474099159240723e-01
8.204516172409057617e-01
7.944439649581909180e-01
7.749828100204467773e-01
7.579807043075561523e-01
9.858059287071228027e-01
9.761080741882324219e-01
9.005207419395446777e-01
8.125523328781127930e-01
7.620320916175842285e-01
7.364904284477233887e-01
7.208741903305053711e-01
7.030526399612426758e-01
6.901103258132934570e-01
6.734203696250915527e-01
6.610345840454101562e-01
6.461450457572937012e-01
6.323511004447937012e-01
6.200049519538879395e-01
6.026782989501953125e-01
5.881634950637817383e-01
5.723210573196411133e-01
5.589245557785034180e-01
5.503777861595153809e-01
5.237085223197937012e-01
5.168485641479492188e-01
4.996818900108337402e-01
4.880629777908325195e-01
4.738823473453521729e-01
4.756662547588348389e-01
4.560463130474090576e-01
4.738952815532684326e-01
4.262520372867584229e-01
4.170308113098144531e-01
4.020088911056518555e-01
4.049273133277893066e-01
3.903219103813171387e-01
3.941440880298614502e-01
3.706951141357421875e-01
3.586288988590240479e-01
3.511044979095458984e-01
3.749959468841552734e-01
3.436599075794219971e-01
3.365123867988586426e-01
3.221720457077026367e-01
3.211379349231719971e-01
3.129072487354278564e-01
3.099638223648071289e-01
4.989473521709442139e-01
3.040901124477386475e-01
2.955216765403747559e-01
2.923704683780670166e-01
2.898027300834655762e-01
2.852584421634674072e-01
2.831127643585205078e-01
3.087610304355621338e-01
2.799923717975616455e-01
2.738650143146514893e-01
2.699084579944610596e-01
2.693081796169281006e-01
2.659814655780792236e-01
2.590948045253753662e-01
2.576556205749511719e-01
2.508886456489562988e-01
2.510109543800354004e-01
2.498896569013595581e-01
2.434193044900894165e-01
2.429804056882858276e-01
2.410366684198379517e-01
7.245033383369445801e-01
5.097885727882385254e-01
3.127769827842712402e-01
2.639113962650299072e-01
2.477667331695556641e-01
2.364251613616943359e-01
2.322078198194503784e-01
2.344249784946441650e-01
2.250674366950988770e-01
2.254882752895355225e-01
2.197718620300292969e-01
2.195637375116348267e-01
2.182106226682662964e-01
2.155481427907943726e-01
2.098905444145202637e-01
2.090610712766647339e-01
2.194769531488418579e-01
2.021890133619308472e-01
2.050920724868774414e-01
2.127865999937057495e-01
1.980252116918563843e-01
2.005243152379989624e-01
1.907848566770553589e-01
1.950933039188385010e-01
1.910694688558578491e-01
1.854505240917205811e-01
1.786865741014480591e-01
1.832178980112075806e-01
1.781324893236160278e-01
1.852807253599166870e-01
1.791528165340423584e-01
1.811917722225189209e-01
1.737077385187149048e-01
1.680971086025238037e-01
1.696942001581192017e-01
1.666967719793319702e-01
1.663124710321426392e-01
1.621036678552627563e-01
1.681319922208786011e-01
1.612787842750549316e-01
1.623401045799255371e-01
1.526823937892913818e-01
1.634111106395721436e-01
1.561955362558364868e-01
1.540771126747131348e-01
1.511579453945159912e-01
1.598191410303115845e-01
1.469023972749710083e-01
1.457648575305938721e-01
1.465768218040466309e-01
1.453973501920700073e-01
1.422609835863113403e-01
1.434184908866882324e-01
1.385681778192520142e-01
1.354906111955642700e-01
1.362802237272262573e-01
1.368774771690368652e-01
1.340707540512084961e-01
1.321527808904647827e-01
1.312499940395355225e-01
1.292346864938735962e-01
1.284228116273880005e-01
1.275387406349182129e-01
1.248939558863639832e-01
1.261544674634933472e-01
1.255366355180740356e-01
1.274121105670928955e-01
1.162520572543144226e-01
1.171887814998626709e-01
1.212795302271842957e-01
1.236260533332824707e-01
1.170112863183021545e-01
1.164957359433174133e-01
1.201979145407676697e-01
1.129535511136054993e-01
1.147660687565803528e-01
1.142732277512550354e-01
1.175961866974830627e-01
1.101760938763618469e-01
1.178143769502639771e-01
1.074531450867652893e-01
1.119461134076118469e-01
1.131545901298522949e-01
1.095120534300804138e-01
1.013866662979125977e-01
1.023062542080879211e-01
1.012433990836143494e-01
1.000275686383247375e-01
1.084969416260719299e-01
1.064518168568611145e-01
1.078394278883934021e-01
1.019495800137519836e-01
1.047742217779159546e-01
9.960841387510299683e-02
9.639810770750045776e-02
1.033137068152427673e-01
9.522397071123123169e-02
9.672804921865463257e-02
9.348705410957336426e-02
9.981898963451385498e-02
9.372936934232711792e-02
9.479736536741256714e-02
9.869890660047531128e-02
9.051057696342468262e-02
9.914920479059219360e-02
9.256414324045181274e-02
9.938178211450576782e-02
9.502001851797103882e-02
9.164893627166748047e-02
9.086481481790542603e-02
9.102673083543777466e-02
8.651249855756759644e-02
9.746108949184417725e-02
8.608134090900421143e-02
8.960309624671936035e-02
9.239576011896133423e-02
8.829287439584732056e-02
8.858562260866165161e-02
8.567745238542556763e-02
8.662598580121994019e-02
8.810560405254364014e-02
8.619791269302368164e-02
8.658289164304733276e-02
8.168651908636093140e-02
8.172059059143066406e-02
8.635362982749938965e-02
8.785704523324966431e-02
8.715470135211944580e-02
8.573107421398162842e-02
8.593042939901351929e-02
8.428277820348739624e-02
8.745520561933517456e-02
8.254620432853698730e-02
7.805941998958587646e-02
8.227628469467163086e-02
8.059011399745941162e-02
8.319297432899475098e-02
7.585577666759490967e-02
8.384813368320465088e-02
7.731811702251434326e-02
7.784160226583480835e-02
7.376730442047119141e-02
7.732395082712173462e-02
7.542899996042251587e-02
7.918375730514526367e-02
7.930713891983032227e-02
7.690745592117309570e-02
7.751210033893585205e-02
7.941017299890518188e-02
7.334338873624801636e-02
8.055563271045684814e-02
7.483536750078201294e-02
7.768134027719497681e-02
7.694331556558609009e-02
7.839379459619522095e-02
7.445056736469268799e-02
7.277822494506835938e-02
7.549599558115005493e-02
7.652798295021057129e-02
7.546168565750122070e-02
7.424999773502349854e-02
7.633841782808303833e-02
7.582516223192214966e-02
7.232448458671569824e-02
7.251647114753723145e-02
7.519760727882385254e-02
7.110590487718582153e-02
7.323612272739410400e-02
6.942509859800338745e-02
7.092564553022384644e-02
6.945164501667022705e-02
7.304487377405166626e-02
7.025758922100067139e-02
7.239320874214172363e-02
6.673579663038253784e-02
6.829915940761566162e-02
7.192790508270263672e-02
7.015395164489746094e-02
6.427310407161712646e-02
6.836197525262832642e-02
6.609252840280532837e-02
7.043873518705368042e-02
6.872697919607162476e-02
7.162127643823623657e-02
6.770517677068710327e-02
6.941308081150054932e-02
6.425817310810089111e-02
6.668259203433990479e-02
6.899978965520858765e-02
6.834404170513153076e-02
6.694485247135162354e-02
6.623686105012893677e-02
6.811998039484024048e-02
7.074826955795288086e-02
6.568410247564315796e-02
6.763583421707153320e-02
6.674812734127044678e-02
6.681805104017257690e-02
6.336116045713424683e-02
6.625048071146011353e-02
6.845454126596450806e-02
6.569592654705047607e-02
6.689249724149703979e-02
6.587338447570800781e-02
6.727011501789093018e-02
6.770581752061843872e-02
6.584444642066955566e-02
6.813511997461318970e-02
6.437122076749801636e-02
6.642339378595352173e-02
6.373309344053268433e-02
6.132680922746658325e-02
6.429288536310195923e-02
6.464148312807083130e-02
6.400207430124282837e-02
6.430354714393615723e-02
6.433960050344467163e-02
6.929957866668701172e-02
6.352108716964721680e-02
5.998914688825607300e-02
6.064677238464355469e-02
6.268781423568725586e-02
6.499497592449188232e-02
6.048270314931869507e-02
6.387030333280563354e-02
6.124954298138618469e-02
6.481366604566574097e-02
6.069276109337806702e-02
6.203642860054969788e-02
6.212585419416427612e-02
6.113813444972038269e-02
5.820683762431144714e-02
5.747426301240921021e-02
6.221696734428405762e-02
5.873207375407218933e-02
5.951233580708503723e-02
6.032044067978858948e-02
5.872904509305953979e-02
6.009899079799652100e-02
6.162206083536148071e-02
5.831545218825340271e-02
6.041874736547470093e-02
6.049330532550811768e-02
6.008653342723846436e-02
5.693069100379943848e-02
5.764304846525192261e-02
6.051910668611526489e-02
5.806960538029670715e-02
6.059360876679420471e-02
6.226886063814163208e-02
5.765669047832489014e-02
6.053095683455467224e-02
5.858825892210006714e-02
5.941484123468399048e-02
5.675027891993522644e-02
5.889012292027473450e-02
5.983940511941909790e-02
5.678056553006172180e-02
5.989044532179832458e-02
5.797050893306732178e-02
5.839237570762634277e-02
5.864101275801658630e-02
5.844396352767944336e-02
5.789648368954658508e-02
6.008652970194816589e-02
5.984855443239212036e-02
5.538393184542655945e-02
5.938324332237243652e-02
5.713075771927833557e-02
5.665302276611328125e-02
5.553244799375534058e-02
5.718101188540458679e-02
5.943641066551208496e-02
5.893513560295104980e-02
5.901409313082695007e-02
5.665137246251106262e-02
5.787574872374534607e-02
5.506084859371185303e-02
5.525708198547363281e-02
5.845857039093971252e-02
5.644461140036582947e-02
5.723590776324272156e-02
5.818727612495422363e-02
5.852571129798889160e-02
5.619963631033897400e-02
5.595793202519416809e-02
5.629887431859970093e-02
5.750280618667602539e-02
5.431360378861427307e-02
5.744857713580131531e-02
5.374628677964210510e-02
5.539793521165847778e-02
5.691052600741386414e-02
5.621407553553581238e-02
5.655281618237495422e-02
5.685176327824592590e-02
5.826537311077117920e-02
5.522638931870460510e-02
5.488687753677368164e-02
5.617656186223030090e-02
5.550737306475639343e-02
5.471606180071830750e-02
5.481628328561782837e-02
5.249314755201339722e-02
5.299302190542221069e-02
5.303329601883888245e-02
5.322712659835815430e-02
5.307066440582275391e-02
5.388041213154792786e-02
5.694639682769775391e-02
5.546435341238975525e-02
5.544551834464073181e-02
5.645799636840820312e-02
5.597917735576629639e-02
5.299454927444458008e-02
5.504031851887702942e-02
5.146906152367591858e-02
5.349437519907951355e-02
5.355653166770935059e-02
5.309697613120079041e-02
5.374444276094436646e-02
5.439993366599082947e-02
5.479533225297927856e-02
5.452414229512214661e-02
5.388697981834411621e-02
5.262520164251327515e-02
5.224083364009857178e-02
5.479483678936958313e-02
5.273505672812461853e-02
5.588442087173461914e-02
5.398548021912574768e-02
5.189216509461402893e-02
5.230390653014183044e-02
5.427232384681701660e-02
5.187224969267845154e-02
5.345524847507476807e-02
5.202308297157287598e-02
5.374549329280853271e-02
5.148975923657417297e-02
5.341782420873641968e-02
5.231459811329841614e-02
5.356653407216072083e-02
5.047383531928062439e-02
5.185973644256591797e-02
5.040019005537033081e-02
5.214883759617805481e-02
5.264820531010627747e-02
5.298661068081855774e-02
5.169017985463142395e-02
5.167014151811599731e-02
5.153571069240570068e-02
5.307983234524726868e-02
5.150864273309707642e-02
5.387167632579803467e-02
5.293870717287063599e-02
5.341850221157073975e-02
5.300408229231834412e-02
5.282845720648765564e-02
5.295020714402198792e-02
5.206792056560516357e-02
5.057746917009353638e-02
5.348559468984603882e-02
5.356721207499504089e-02
5.343745648860931396e-02
5.420701205730438232e-02
4.949941113591194153e-02
5.094430595636367798e-02
5.305676162242889404e-02
5.108237266540527344e-02
5.187693238258361816e-02
5.219816416501998901e-02
5.069055035710334778e-02
5.204614251852035522e-02
5.303816869854927063e-02
4.950469732284545898e-02
5.072290077805519104e-02
5.189702287316322327e-02
5.138304084539413452e-02
5.178724229335784912e-02
5.080177262425422668e-02
5.139097571372985840e-02
5.084993690252304077e-02
5.064229667186737061e-02
5.060875415802001953e-02
5.101717263460159302e-02
5.022103339433670044e-02
5.127846822142601013e-02
5.209074541926383972e-02
4.900100082159042358e-02
4.928649961948394775e-02
4.962324351072311401e-02
5.015015602111816406e-02
5.124190449714660645e-02
5.063805356621742249e-02
5.147249251604080200e-02
5.108533799648284912e-02
5.068337917327880859e-02
5.236850306391716003e-02
5.074268206954002380e-02
5.061002075672149658e-02
5.024867877364158630e-02
5.349704250693321228e-02
4.920171946287155151e-02
5.185388401150703430e-02
4.999091476202011108e-02
5.130426213145256042e-02
5.130742862820625305e-02
5.162745714187622070e-02
5.044515058398246765e-02
5.016578361392021179e-02
5.032354593276977539e-02
4.936400428414344788e-02
4.956181347370147705e-02
4.919460415840148926e-02
5.111362785100936890e-02
5.107937008142471313e-02
4.854784905910491943e-02
4.906037822365760803e-02
5.100884661078453064e-02
4.856503754854202271e-02
5.017524212598800659e-02
4.943839088082313538e-02
5.138794332742691040e-02
4.989526420831680298e-02
5.020739510655403137e-02
4.873854666948318481e-02
4.839511588215827942e-02
4.856180399656295776e-02
4.961442947387695312e-02
4.943338409066200256e-02
4.814949631690979004e-02
4.908982664346694946e-02
4.977426305413246155e-02
4.907147586345672607e-02
4.929142445325851440e-02
4.927004128694534302e-02
4.915373027324676514e-02
4.895379394292831421e-02
5.107777565717697144e-02
4.848479852080345154e-02
4.923833161592483521e-02
4.844275116920471191e-02
4.877070710062980652e-02
4.848627746105194092e-02
4.858247190713882446e-02
4.999362677335739136e-02
4.858196899294853210e-02
5.017849802970886230e-02
5.049487203359603882e-02
5.023808404803276062e-02
4.942525923252105713e-02
4.944776371121406555e-02
4.888511449098587036e-02
4.849556088447570801e-02
4.809928312897682190e-02
4.887409135699272156e-02
4.868714883923530579e-02
4.983123019337654114e-02
4.791522771120071411e-02
4.823149368166923523e-02
4.807926714420318604e-02
5.130830779671669006e-02
4.752593114972114563e-02
4.995020478963851929e-02
4.816078022122383118e-02
5.093204975128173828e-02
4.904577136039733887e-02
4.753020033240318298e-02
4.785393550992012024e-02
4.843372479081153870e-02
4.867832735180854797e-02
4.790390282869338989e-02
4.872810095548629761e-02
4.782609269022941589e-02
4.697500914335250854e-02
4.866876453161239624e-02
4.891388863325119019e-02
4.816463217139244080e-02
4.936886951327323914e-02
4.877432808279991150e-02
4.894961044192314148e-02
4.729718714952468872e-02
4.791466519236564636e-02
4.820800200104713440e-02
4.830719903111457825e-02
4.771057516336441040e-02
4.750402271747589111e-02
4.941087961196899414e-02
4.730032011866569519e-02
4.884396865963935852e-02
4.778122156858444214e-02
4.851945489645004272e-02
4.838241636753082275e-02
4.894610494375228882e-02
4.895791783928871155e-02
4.758644849061965942e-02
4.803455248475074768e-02
4.777772352099418640e-02
4.736155644059181213e-02
4.851930588483810425e-02
4.769254848361015320e-02
4.790022969245910645e-02
4.772295430302619934e-02
4.879783466458320618e-02
4.743068292737007141e-02
4.757231473922729492e-02
4.775161668658256531e-02
4.972347617149353027e-02
4.763534665107727051e-02
4.842654243111610413e-02
4.833885654807090759e-02
4.751877859234809875e-02
4.778882116079330444e-02
4.730829596519470215e-02
4.841048270463943481e-02
4.761239513754844666e-02
4.701231047511100769e-02
4.975912719964981079e-02
4.806287586688995361e-02
4.808393120765686035e-02
4.701804369688034058e-02
4.943463206291198730e-02
4.848470538854598999e-02
4.851928725838661194e-02
4.810789972543716431e-02
4.829367995262145996e-02
4.787292703986167908e-02
4.824757948517799377e-02
4.862873256206512451e-02
4.828778654336929321e-02
4.808671027421951294e-02
4.762372374534606934e-02
4.738482460379600525e-02
4.734282568097114563e-02
4.698875546455383301e-02
4.684456437826156616e-02
4.777292534708976746e-02
4.764079302549362183e-02
4.796870425343513489e-02
4.809292033314704895e-02
4.685725644230842590e-02
4.729000478982925415e-02
4.698616266250610352e-02
4.746695235371589661e-02
4.705297574400901794e-02
4.660331085324287415e-02
4.596848785877227783e-02
4.689790681004524231e-02
4.777774587273597717e-02
4.696200415492057800e-02
4.645364731550216675e-02
4.739592969417572021e-02
4.779988154768943787e-02
4.741065576672554016e-02
4.745662584900856018e-02
4.777182638645172119e-02
4.657746106386184692e-02
4.751254618167877197e-02
4.762624949216842651e-02
4.628221690654754639e-02
4.781076312065124512e-02
4.742989316582679749e-02
4.734222590923309326e-02
4.788154363632202148e-02
4.863473400473594666e-02
4.787725955247879028e-02
4.706956446170806885e-02
4.759948700666427612e-02
4.734696447849273682e-02
4.716401547193527222e-02
4.725155234336853027e-02
4.668580368161201477e-02
4.715667665004730225e-02
4.729292914271354675e-02
4.649337008595466614e-02
4.710381478071212769e-02
4.741657152771949768e-02
4.674037173390388489e-02
4.684781655669212341e-02
4.647468402981758118e-02
4.695621132850646973e-02
4.597926512360572815e-02
4.724095389246940613e-02
4.801961407065391541e-02
4.608411341905593872e-02
4.728578031063079834e-02
4.633551836013793945e-02
4.711481556296348572e-02
4.630794748663902283e-02
4.703271016478538513e-02
4.748699814081192017e-02
4.684364423155784607e-02
4.622633382678031921e-02
4.752473160624504089e-02
4.761101678013801575e-02
4.752001911401748657e-02
4.691759496927261353e-02
4.777394607663154602e-02
4.632058367133140564e-02
4.732843115925788879e-02
4.676332324743270874e-02
4.694877564907073975e-02
4.660880565643310547e-02
4.699480533599853516e-02
4.643564298748970032e-02
4.708700254559516907e-02
4.667138680815696716e-02
4.607459902763366699e-02
4.682270437479019165e-02
4.633639007806777954e-02
4.631277918815612793e-02
4.602725058794021606e-02
4.751294851303100586e-02
4.698580503463745117e-02
4.652634635567665100e-02
4.634353145956993103e-02
4.628381505608558655e-02
4.673947021365165710e-02
4.696785658597946167e-02
4.610320180654525757e-02
4.616039246320724487e-02
4.722161591053009033e-02
4.655787348747253418e-02
4.731559380888938904e-02
4.653512313961982727e-02
4.682249948382377625e-02
4.641572758555412292e-02
4.704632610082626343e-02
4.629566520452499390e-02
4.618478193879127502e-02
4.706756025552749634e-02
4.697640612721443176e-02
4.716547951102256775e-02
4.594359174370765686e-02
4.568414762616157532e-02
4.666410014033317566e-02
4.628847166895866394e-02
4.699144139885902405e-02
4.723571613430976868e-02
4.673826694488525391e-02
4.624109715223312378e-02
4.632327705621719360e-02
4.615613818168640137e-02
4.663780331611633301e-02
4.613336920738220215e-02
4.566152393817901611e-02
4.594358429312705994e-02
4.593763872981071472e-02
4.591190442442893982e-02
4.593009501695632935e-02
4.671920835971832275e-02
4.627044871449470520e-02
4.659410938620567322e-02
4.652552306652069092e-02
4.627278074622154236e-02
4.649142548441886902e-02
4.574494436383247375e-02
4.636372625827789307e-02
4.633318260312080383e-02
4.555444791913032532e-02
4.638367518782615662e-02
4.649664089083671570e-02
4.577085748314857483e-02
4.599311202764511108e-02
4.615464806556701660e-02
4.601914808154106140e-02
4.612443968653678894e-02
4.611930996179580688e-02
4.654590412974357605e-02
4.629257693886756897e-02
4.658353701233863831e-02
4.610588029026985168e-02
4.635445028543472290e-02
4.635737463831901550e-02
4.610555991530418396e-02
4.643987864255905151e-02
4.622073471546173096e-02
4.627550020813941956e-02
4.625906050205230713e-02
4.641440883278846741e-02
4.589763283729553223e-02
4.565910249948501587e-02
4.555816948413848877e-02
4.626015573740005493e-02
4.682652279734611511e-02
4.580697044730186462e-02
4.614044353365898132e-02
4.567300528287887573e-02
4.626015573740005493e-02
4.634231328964233398e-02
4.583629593253135681e-02
4.523933306336402893e-02
4.681231454014778137e-02
4.599002376198768616e-02
4.588693007826805115e-02
4.559433087706565857e-02
4.623201489448547363e-02
4.585535079240798950e-02
4.631082341074943542e-02
4.619544371962547302e-02
4.662602767348289490e-02
4.570090025663375854e-02
4.617096856236457825e-02
4.620447009801864624e-02
4.605852439999580383e-02
4.636124521493911743e-02
4.633614048361778259e-02
4.522251337766647339e-02
4.521221294999122620e-02
4.704999551177024841e-02
4.644383490085601807e-02
4.553721472620964050e-02
4.544797167181968689e-02
4.611150175333023071e-02
4.597804695367813110e-02
4.590854421257972717e-02
4.655443876981735229e-02
4.634242504835128784e-02
4.601529985666275024e-02
4.543690010905265808e-02
4.629278555512428284e-02
4.544577002525329590e-02
4.534232988953590393e-02
4.590390622615814209e-02
4.641470685601234436e-02
4.559152573347091675e-02
4.549960419535636902e-02
4.597567021846771240e-02
4.568877443671226501e-02
4.541990906000137329e-02
4.596308246254920959e-02
4.607085138559341431e-02
4.584386944770812988e-02
4.552261903882026672e-02
4.617178067564964294e-02
4.625363275408744812e-02
4.644899815320968628e-02
4.548314958810806274e-02
4.631467163562774658e-02
4.557744786143302917e-02
4.567182436585426331e-02
4.569816961884498596e-02
4.582700505852699280e-02
4.548806697130203247e-02
4.535603895783424377e-02
4.605622217059135437e-02
4.612739011645317078e-02
4.601866751909255981e-02
4.601622000336647034e-02
4.573404788970947266e-02
4.577758163213729858e-02
4.567408189177513123e-02
4.577405378222465515e-02
4.564716666936874390e-02
4.663540422916412354e-02
4.540454223752021790e-02
4.561548680067062378e-02
4.549371078610420227e-02
4.567623138427734375e-02
4.558580368757247925e-02
4.605855047702789307e-02
4.533798247575759888e-02
4.581726714968681335e-02
4.629125073552131653e-02
4.617257788777351379e-02
4.566135630011558533e-02
4.537747427821159363e-02
4.542080685496330261e-02
4.521617293357849121e-02
4.534106701612472534e-02
4.565236344933509827e-02
4.577613621950149536e-02
4.610794037580490112e-02
4.562893882393836975e-02
4.577523469924926758e-02
4.609107226133346558e-02
4.543016850948333740e-02
4.545536637306213379e-02
4.593034088611602783e-02
4.531325027346611023e-02
4.567464068531990051e-02
4.535657912492752075e-02
4.540297761559486389e-02
4.561403021216392517e-02
4.584199562668800354e-02
4.541352391242980957e-02
4.535122215747833252e-02
4.589589685201644897e-02
4.584679007530212402e-02
4.536506906151771545e-02
4.545385390520095825e-02
4.560849070549011230e-02
4.574320092797279358e-02
4.570174589753150940e-02
4.526695609092712402e-02
4.535969719290733337e-02
4.529349133372306824e-02
4.554809257388114929e-02
4.555237293243408203e-02
4.548878967761993408e-02
4.574919864535331726e-02
4.533642157912254333e-02
4.509121179580688477e-02
4.550571367144584656e-02
4.539357125759124756e-02
4.528040438890457153e-02
4.537640511989593506e-02
4.579138010740280151e-02
4.521860182285308838e-02
4.563961923122406006e-02
4.579070582985877991e-02
4.551577195525169373e-02
4.550587013363838196e-02
4.529585689306259155e-02
4.523693397641181946e-02
4.576551541686058044e-02
4.580814763903617859e-02
4.538094624876976013e-02
4.541489481925964355e-02
4.588506370782852173e-02
4.581228643655776978e-02
4.520958662033081055e-02
4.563086852431297302e-02
4.541687294840812683e-02
4.549954831600189209e-02
4.509422183036804199e-02
4.505877569317817688e-02
4.591398686170578003e-02
4.563639685511589050e-02
4.542908072471618652e-02
4.537725821137428284e-02
4.576929286122322083e-02
4.596155136823654175e-02
4.547881335020065308e-02
4.553404077887535095e-02
4.533482715487480164e-02
4.576062783598899841e-02
4.588409885764122009e-02
4.568189755082130432e-02
4.590208083391189575e-02
4.513108357787132263e-02
4.530607536435127258e-02
4.516617208719253540e-02
4.529835283756256104e-02
4.526938870549201965e-02
4.524916037917137146e-02
4.533790796995162964e-02
4.541817307472229004e-02
4.526601359248161316e-02
4.505037143826484680e-02
4.529114067554473877e-02
4.524613171815872192e-02
4.513834416866302490e-02
4.570478945970535278e-02
4.570617526769638062e-02
4.520026966929435730e-02
4.565320163965225220e-02
4.550834745168685913e-02
4.506289586424827576e-02
4.532854259014129639e-02
4.503516480326652527e-02
4.520605131983757019e-02
4.599022492766380310e-02
4.514245688915252686e-02
4.540497064590454102e-02
4.548652097582817078e-02
4.573028162121772766e-02
4.559445008635520935e-02
4.527994245290756226e-02
4.577211663126945496e-02
4.520487785339355469e-02
4.521308839321136475e-02
4.521952569484710693e-02
4.535645619034767151e-02
4.535276442766189575e-02
4.533242061734199524e-02
4.524191841483116150e-02
4.537846520543098450e-02
4.548495635390281677e-02
4.528648033738136292e-02
4.540513455867767334e-02
4.544296115636825562e-02
4.558879509568214417e-02
4.514072090387344360e-02
4.501491785049438477e-02
4.554218053817749023e-02
4.533249139785766602e-02
4.514516890048980713e-02
4.504923149943351746e-02
4.508718475699424744e-02
4.521555453538894653e-02
4.523880034685134888e-02
4.522527754306793213e-02
4.517389088869094849e-02
4.520031064748764038e-02
4.507899284362792969e-02
4.505423456430435181e-02
4.526132717728614807e-02
4.507436230778694153e-02
4.529689624905586243e-02
4.560985043644905090e-02
4.529637098312377930e-02
4.551866278052330017e-02
4.558622464537620544e-02
4.549318552017211914e-02
4.535190761089324951e-02
4.537884891033172607e-02
4.513239860534667969e-02
4.513970017433166504e-02
4.537383466958999634e-02
4.511705413460731506e-02
4.545501992106437683e-02
4.541780427098274231e-02
4.556076973676681519e-02
4.522418975830078125e-02
4.530305042862892151e-02
4.537288472056388855e-02
4.509815201163291931e-02
4.533202946186065674e-02
4.559229686856269836e-02
4.515905678272247314e-02
4.570367187261581421e-02
4.549901559948921204e-02
4.517530277371406555e-02
4.497518017888069153e-02
4.537317156791687012e-02
4.517795145511627197e-02
4.541973024606704712e-02
4.510049894452095032e-02
4.564859718084335327e-02
4.504670575261116028e-02
4.535962268710136414e-02
4.563476517796516418e-02
4.568872228264808655e-02
4.517188668251037598e-02
4.550550505518913269e-02
4.519250988960266113e-02
4.507027193903923035e-02
4.527969658374786377e-02
4.509893432259559631e-02
4.544979333877563477e-02
4.512311518192291260e-02
4.529383406043052673e-02
4.507818818092346191e-02
4.524742066860198975e-02
4.492541402578353882e-02
4.509592428803443909e-02
4.510316997766494751e-02
4.507261514663696289e-02
4.498646408319473267e-02
4.573454335331916809e-02
4.519009217619895935e-02
4.536650702357292175e-02
4.547681659460067749e-02
4.492563381791114807e-02
4.531973972916603088e-02
4.523916915059089661e-02
4.508051276206970215e-02
4.504385590553283691e-02
4.548557102680206299e-02
4.563175886869430542e-02
4.515739902853965759e-02
4.561774060130119324e-02
4.503799602389335632e-02
4.533042013645172119e-02
4.532743245363235474e-02
4.533538594841957092e-02
4.496680572628974915e-02
4.531980678439140320e-02
4.540698230266571045e-02
4.540022090077400208e-02
4.528888687491416931e-02
4.516496509313583374e-02
4.501331225037574768e-02
4.525608569383621216e-02
4.495341330766677856e-02
4.501834511756896973e-02
4.527089744806289673e-02
4.539401829242706299e-02
4.503739997744560242e-02
4.496282339096069336e-02
4.536617174744606018e-02
4.497430846095085144e-02
4.552545771002769470e-02
4.494487121701240540e-02
4.514603316783905029e-02
4.514364898204803467e-02
4.514750465750694275e-02
4.542702436447143555e-02
4.495739191770553589e-02
4.506490379571914673e-02
4.480442777276039124e-02
4.510136321187019348e-02
4.486425966024398804e-02
4.542002826929092407e-02
4.483247920870780945e-02
4.504783824086189270e-02
4.518720880150794983e-02
4.538300633430480957e-02
4.510290548205375671e-02
4.496531561017036438e-02
4.501742497086524963e-02
4.536981508135795593e-02
4.547511786222457886e-02
4.513010010123252869e-02
4.531804472208023071e-02
4.515733942389488220e-02
4.519104585051536560e-02
4.539028555154800415e-02
4.504888877272605896e-02
4.535804688930511475e-02
4.544113203883171082e-02
4.489216208457946777e-02
4.504210129380226135e-02
4.539643228054046631e-02
4.508398100733757019e-02
4.510849341750144958e-02
4.510862380266189575e-02
4.512725397944450378e-02
4.506617039442062378e-02
4.524980857968330383e-02
4.515396803617477417e-02
4.481898620724678040e-02
4.513286054134368896e-02
4.516135156154632568e-02
4.518377780914306641e-02
4.488033801317214966e-02
4.521524906158447266e-02
4.533800482749938965e-02
4.494696110486984253e-02
4.497803002595901489e-02
4.522487893700599670e-02
4.534632340073585510e-02
4.484058171510696411e-02
4.539300128817558289e-02
4.497231915593147278e-02
4.528756439685821533e-02
4.483270645141601562e-02
4.523033648729324341e-02
4.489982500672340393e-02
4.549557343125343323e-02
4.506692290306091309e-02
4.475233331322669983e-02
4.502849653363227844e-02
4.485507309436798096e-02
4.545168206095695496e-02
4.525301605463027954e-02
4.529944062232971191e-02
4.519806057214736938e-02
4.524663835763931274e-02
4.507503658533096313e-02
4.502984881401062012e-02
4.502262547612190247e-02
4.537590220570564270e-02
4.501752555370330811e-02
4.521485045552253723e-02
4.524943977594375610e-02
4.534717649221420288e-02
4.504344612360000610e-02
4.517522826790809631e-02
4.525284096598625183e-02
4.499789327383041382e-02
4.518209025263786316e-02
4.500853270292282104e-02
4.522114992141723633e-02
4.501764103770256042e-02
4.519289731979370117e-02
4.556246846914291382e-02
4.532831162214279175e-02
4.512988403439521790e-02
4.509043321013450623e-02
4.520700499415397644e-02
4.488574340939521790e-02
4.482040926814079285e-02
4.470939561724662781e-02
4.493590816855430603e-02
4.524337127804756165e-02
4.513483121991157532e-02
4.517059028148651123e-02
4.502852633595466614e-02
4.498098790645599365e-02
4.479576274752616882e-02
4.501140862703323364e-02
4.510632902383804321e-02
4.504253715276718140e-02
4.539992660284042358e-02
4.475442692637443542e-02
4.495738446712493896e-02
4.494821652770042419e-02
4.477650299668312073e-02
4.527580738067626953e-02
4.534526541829109192e-02
4.535330832004547119e-02
4.511533305048942566e-02
4.503231495618820190e-02
4.516755789518356323e-02
4.531122744083404541e-02
4.507984593510627747e-02
4.512690380215644836e-02
4.503299295902252197e-02
4.496591538190841675e-02
4.557399451732635498e-02
4.532669857144355774e-02
4.502007737755775452e-02
4.490742832422256470e-02
4.546638578176498413e-02
4.508771002292633057e-02
4.504060372710227966e-02
4.552419856190681458e-02
4.508702456951141357e-02
4.500199481844902039e-02
4.524107649922370911e-02
4.494503885507583618e-02
4.509046673774719238e-02
4.496552795171737671e-02
4.527274146676063538e-02
4.514285922050476074e-02
4.487072303891181946e-02
4.527138546109199524e-02
4.509560391306877136e-02
4.502387344837188721e-02
4.526418820023536682e-02
4.485822096467018127e-02
4.476135224103927612e-02
4.486976563930511475e-02
4.498693346977233887e-02
4.515520110726356506e-02
4.492358118295669556e-02
4.494543001055717468e-02
4.520893096923828125e-02
4.514411091804504395e-02
4.516163095831871033e-02
4.506389424204826355e-02
4.504061490297317505e-02
4.519654810428619385e-02
4.511569440364837646e-02
4.492630064487457275e-02
4.511630162596702576e-02
4.508588835597038269e-02
4.495688155293464661e-02
4.508098214864730835e-02
4.515106230974197388e-02
4.493966326117515564e-02
4.526671767234802246e-02
4.483341425657272339e-02
4.493815824389457703e-02
4.511094838380813599e-02
4.498611018061637878e-02
4.493337124586105347e-02
4.492082819342613220e-02
4.488020390272140503e-02
4.482563212513923645e-02
4.518996551632881165e-02
4.529099538922309875e-02
4.516046866774559021e-02
4.495745524764060974e-02
4.502799734473228455e-02
4.505349323153495789e-02
4.497001320123672485e-02
4.507869482040405273e-02
4.502122849225997925e-02
4.494930431246757507e-02
4.505623504519462585e-02
4.529531300067901611e-02
4.502245411276817322e-02
4.523104429244995117e-02
4.508304223418235779e-02
4.527380317449569702e-02
4.544175043702125549e-02
4.523540288209915161e-02
4.493146389722824097e-02
4.505836218595504761e-02
4.502312839031219482e-02
4.512807354331016541e-02
4.503301903605461121e-02
4.528249055147171021e-02
4.504093900322914124e-02
4.510966315865516663e-02
4.486319422721862793e-02
4.494288563728332520e-02
4.499960690736770630e-02
4.509347677230834961e-02
4.506373032927513123e-02
4.502246901392936707e-02
4.491798579692840576e-02
4.496206343173980713e-02
4.525089636445045471e-02
4.506408423185348511e-02
4.520618170499801636e-02
4.483560845255851746e-02
4.489308595657348633e-02
4.508771374821662903e-02
4.491475969552993774e-02
4.523690417408943176e-02
4.493096098303794861e-02
4.494518414139747620e-02
4.501532763242721558e-02
4.496786743402481079e-02
4.484445229172706604e-02
4.489332810044288635e-02
4.500745981931686401e-02
4.517627134919166565e-02
4.491728544235229492e-02
4.487502947449684143e-02
4.525153711438179016e-02
4.497984424233436584e-02
4.483746364712715149e-02
4.514078050851821899e-02
4.501258581876754761e-02
4.518588259816169739e-02
4.509852454066276550e-02
4.501976445317268372e-02
4.510793462395668030e-02
4.495590552687644958e-02
4.501370713114738464e-02
4.499891772866249084e-02
4.503951966762542725e-02
4.491233825683593750e-02
4.519645497202873230e-02
4.520663246512413025e-02
4.497278481721878052e-02
4.495492205023765564e-02
4.496752843260765076e-02
4.501899704337120056e-02
4.507114738225936890e-02
4.508998990058898926e-02
4.490487277507781982e-02
4.486515372991561890e-02
4.504789784550666809e-02
4.498599097132682800e-02
4.481038078665733337e-02
4.496813192963600159e-02
4.496181383728981018e-02
4.513697698712348938e-02
4.528127983212471008e-02
4.507288336753845215e-02
4.493130743503570557e-02
4.506227374076843262e-02
4.484328255057334900e-02
4.525274783372879028e-02
4.495447874069213867e-02
4.495158791542053223e-02
4.499160125851631165e-02
4.495739936828613281e-02
4.504913836717605591e-02
4.508204385638237000e-02
4.513499885797500610e-02
4.511942714452743530e-02
4.520687460899353027e-02
4.494580253958702087e-02
4.500406235456466675e-02
4.494110122323036194e-02
4.508546739816665649e-02
4.526250809431076050e-02
4.492667689919471741e-02
4.516606777906417847e-02
4.499001055955886841e-02
4.519405961036682129e-02
4.502714425325393677e-02
4.493530467152595520e-02
4.494297504425048828e-02
4.530897736549377441e-02
4.512206837534904480e-02
4.530137032270431519e-02
4.514057934284210205e-02
4.512485116720199585e-02
4.503209888935089111e-02
4.507511481642723083e-02
4.537336528301239014e-02
4.534495621919631958e-02
4.539716616272926331e-02
4.521952569484710693e-02
4.535347968339920044e-02
4.516042396426200867e-02
4.514835774898529053e-02
4.494081437587738037e-02
4.530119150876998901e-02
4.516879096627235413e-02
4.484162107110023499e-02
4.502917081117630005e-02
4.508366808295249939e-02
4.513330012559890747e-02
4.530305415391921997e-02
4.512511938810348511e-02
4.486794769763946533e-02
4.513991996645927429e-02
4.530985280871391296e-02
4.500826448202133179e-02
4.507316276431083679e-02
4.513729736208915710e-02
4.488743469119071960e-02
4.499404504895210266e-02
4.526262730360031128e-02
4.499059543013572693e-02
4.514092579483985901e-02
4.504140838980674744e-02
4.504366964101791382e-02
4.531072825193405151e-02
4.531283304095268250e-02
4.516058042645454407e-02
4.526446759700775146e-02
4.511658474802970886e-02
4.491133242845535278e-02
4.510955512523651123e-02
4.500533640384674072e-02
4.515340179204940796e-02
4.532364755868911743e-02
4.513195529580116272e-02
4.502460733056068420e-02
4.526268318295478821e-02
4.492317140102386475e-02
4.497553408145904541e-02
4.523350670933723450e-02
4.500460624694824219e-02
4.509878531098365784e-02
4.489224776625633240e-02
4.503088817000389099e-02
4.494929686188697815e-02
4.499303922057151794e-02
4.504745081067085266e-02
4.535655304789543152e-02
4.498659074306488037e-02
4.524771124124526978e-02
4.502329975366592407e-02
4.510251432657241821e-02
4.508994892239570618e-02
4.520303383469581604e-02
4.516400396823883057e-02
4.515418410301208496e-02
4.509337246417999268e-02
4.517440870404243469e-02
4.491556063294410706e-02
4.500826075673103333e-02
4.526438564062118530e-02
4.514285549521446228e-02
4.504888504743576050e-02
4.537909850478172302e-02
4.511050507426261902e-02
4.508676379919052124e-02
4.539753124117851257e-02
4.518740624189376831e-02
4.505123198032379150e-02
4.526649415493011475e-02
4.511905834078788757e-02
4.497862234711647034e-02
4.509241878986358643e-02
4.525904357433319092e-02
4.524080082774162292e-02
4.541150107979774475e-02
4.505649209022521973e-02
4.497983679175376892e-02
4.518748447299003601e-02
4.524219036102294922e-02
4.512475803494453430e-02
4.505014792084693909e-02
4.505618289113044739e-02
4.528942331671714783e-02
4.499792680144309998e-02
4.519596695899963379e-02
4.519131034612655640e-02
4.515857622027397156e-02
4.495123028755187988e-02
4.512300714850425720e-02
4.523687809705734253e-02
4.529859870672225952e-02
4.521150514483451843e-02
4.522670060396194458e-02
4.497229680418968201e-02
4.518704116344451904e-02
4.519854113459587097e-02
4.524985700845718384e-02
4.533250257372856140e-02
4.519005864858627319e-02
4.504551738500595093e-02
4.508987814188003540e-02
4.515429213643074036e-02
4.524365440011024475e-02
4.501925408840179443e-02
4.507362470030784607e-02
4.526437819004058838e-02
4.534894973039627075e-02
4.515073448419570923e-02
4.517908766865730286e-02
4.501565545797348022e-02
4.511125013232231140e-02
4.521371796727180481e-02
4.501398280262947083e-02
4.513145610690116882e-02
4.502419009804725647e-02
4.511644691228866577e-02
4.514553397893905640e-02
4.493734985589981079e-02
4.516109824180603027e-02
4.520502686500549316e-02
4.519762843847274780e-02
4.495191201567649841e-02
4.512948542833328247e-02
4.515017196536064148e-02
4.512667283415794373e-02
4.506305605173110962e-02
4.511235654354095459e-02
4.526129364967346191e-02
4.505130276083946228e-02
4.523813351988792419e-02
4.523018375039100647e-02
4.509040713310241699e-02
4.506908357143402100e-02
4.528959468007087708e-02
4.518564417958259583e-02
4.523318633437156677e-02
4.510781541466712952e-02
4.514249041676521301e-02
4.499873146414756775e-02
4.504743963479995728e-02
4.513243585824966431e-02
4.517849162220954895e-02
4.521905630826950073e-02
4.520606622099876404e-02
4.514639079570770264e-02
4.507838189601898193e-02
4.514127969741821289e-02
4.519708454608917236e-02
4.541850090026855469e-02
4.521159082651138306e-02
4.533594101667404175e-02
4.526875540614128113e-02
4.507926478981971741e-02
4.516223445534706116e-02
4.518529400229454041e-02
4.521979019045829773e-02
4.525003582239151001e-02
4.524604231119155884e-02
4.519124329090118408e-02
4.508182033896446228e-02
4.515902698040008545e-02
4.521448537707328796e-02
4.519445076584815979e-02
4.513027891516685486e-02
4.529570043087005615e-02
4.531000927090644836e-02
4.548314958810806274e-02
4.526185989379882812e-02
4.528484120965003967e-02
4.512911662459373474e-02
4.535532742738723755e-02
4.514159634709358215e-02
4.540249332785606384e-02
4.524470865726470947e-02
4.546891897916793823e-02
4.514498263597488403e-02
4.530593007802963257e-02
4.530579224228858948e-02
4.521986842155456543e-02
4.516179487109184265e-02
4.549482092261314392e-02
4.508924484252929688e-02
4.518274217844009399e-02
4.535629600286483765e-02
4.519250988960266113e-02
4.517437517642974854e-02
4.539835080504417419e-02
4.530294612050056458e-02
4.519677534699440002e-02
4.537428542971611023e-02
4.510041698813438416e-02
4.525974020361900330e-02
4.518353939056396484e-02
4.516509547829627991e-02
4.528399929404258728e-02
4.514481499791145325e-02
4.527004063129425049e-02
4.517709091305732727e-02
4.536300525069236755e-02
4.520756378769874573e-02
4.526861384510993958e-02
4.521708562970161438e-02
4.528943449258804321e-02
4.540789499878883362e-02
4.549260437488555908e-02
4.519154876470565796e-02
4.522210732102394104e-02
4.531446844339370728e-02
4.525604471564292908e-02
4.526070877909660339e-02
4.544332623481750488e-02
4.531281068921089172e-02
4.517269134521484375e-02
4.536538198590278625e-02
4.523376002907752991e-02
4.536239430308341980e-02
4.540007933974266052e-02
4.525535181164741516e-02
4.517547786235809326e-02
4.532676935195922852e-02
4.529013112187385559e-02
4.534091427922248840e-02
4.550818353891372681e-02
4.554293304681777954e-02
4.543707519769668579e-02
4.528995603322982788e-02
4.523741453886032104e-02
4.537470638751983643e-02
4.536898434162139893e-02
4.532992467284202576e-02
4.537414759397506714e-02
4.525500163435935974e-02
4.530140385031700134e-02
4.521782323718070984e-02
4.550278186798095703e-02
4.530500620603561401e-02
4.549004137516021729e-02
4.530592262744903564e-02
4.529212787747383118e-02
4.524142667651176453e-02
4.533877596259117126e-02
4.525188356637954712e-02
4.554233327507972717e-02
4.532659426331520081e-02
4.540580883622169495e-02
4.518998041749000549e-02
4.544987902045249939e-02
4.544866085052490234e-02
4.535339772701263428e-02
4.526343941688537598e-02
4.543371126055717468e-02
4.548504948616027832e-02
4.552208632230758667e-02
4.543496295809745789e-02
4.523019492626190186e-02
4.545237123966217041e-02
4.529636725783348083e-02
4.541837796568870544e-02
4.534472152590751648e-02
4.567377269268035889e-02
4.546910151839256287e-02
4.521501436829566956e-02
4.541068151593208313e-02
4.546779021620750427e-02
4.525595903396606445e-02
4.532200098037719727e-02
4.531762003898620605e-02
4.540149867534637451e-02
4.527831077575683594e-02
4.533746838569641113e-02
4.530613496899604797e-02
4.532149806618690491e-02
4.539954289793968201e-02
4.522599652409553528e-02
4.543463140726089478e-02
4.534905403852462769e-02
4.546463117003440857e-02
4.546111449599266052e-02
4.530237242579460144e-02
4.547121375799179077e-02
4.544518887996673584e-02
4.540211707353591919e-02
4.540898650884628296e-02
4.548213630914688110e-02
4.549333825707435608e-02
4.538318142294883728e-02
4.535916447639465332e-02
4.530579969286918640e-02
4.533749446272850037e-02
4.537203907966613770e-02
4.529735445976257324e-02
4.562153294682502747e-02
4.541973397135734558e-02
4.552600160241127014e-02
4.534674063324928284e-02
4.547379165887832642e-02
4.544322192668914795e-02
4.535268619656562805e-02
4.542457312345504761e-02
4.534938931465148926e-02
4.526853933930397034e-02
4.528458416461944580e-02
4.534510895609855652e-02
4.535383731126785278e-02
4.552000015974044800e-02
4.553573951125144958e-02
4.547022283077239990e-02
4.544672369956970215e-02
4.532827809453010559e-02
4.552011564373970032e-02
4.557535797357559204e-02
4.553740471601486206e-02
4.539577290415763855e-02
4.541395232081413269e-02
4.541311040520668030e-02
4.553675279021263123e-02
4.556648433208465576e-02
4.537291452288627625e-02
4.551839828491210938e-02
4.533874988555908203e-02
4.551143571734428406e-02
4.569189995527267456e-02
4.549989476799964905e-02
4.545103013515472412e-02
4.538920521736145020e-02
4.555475711822509766e-02
4.539439082145690918e-02
4.546634852886199951e-02
4.546448960900306702e-02
4.542805254459381104e-02
4.555049538612365723e-02
4.568391665816307068e-02
4.542809352278709412e-02
4.549305886030197144e-02
4.550219327211380005e-02
4.546241834759712219e-02
4.545304179191589355e-02
4.526470974087715149e-02
4.553997889161109924e-02
4.549782350659370422e-02
4.549584537744522095e-02
4.556841775774955750e-02
4.548009112477302551e-02
4.538892954587936401e-02
4.549424722790718079e-02
4.552334919571876526e-02
4.545798897743225098e-02
4.558956623077392578e-02
4.553542286157608032e-02
4.552591592073440552e-02
4.564073309302330017e-02
4.542202502489089966e-02
4.556603357195854187e-02
4.551423341035842896e-02
4.544816538691520691e-02
4.547442495822906494e-02
4.558401927351951599e-02
4.557250812649726868e-02
4.563588276505470276e-02
4.548843950033187866e-02
4.565820842981338501e-02
4.546963796019554138e-02
4.556496068835258484e-02
4.541108012199401855e-02
4.552836343646049500e-02
4.565408080816268921e-02
4.548591375350952148e-02
4.547379165887832642e-02
4.560317099094390869e-02
4.560897126793861389e-02
4.566092044115066528e-02
4.557528346776962280e-02
4.568075761198997498e-02
4.557480663061141968e-02
4.567214474081993103e-02
4.551542922854423523e-02
4.567479714751243591e-02
4.550301656126976013e-02
4.540515318512916565e-02
4.562082514166831970e-02
4.553649201989173889e-02
4.566897079348564148e-02
4.546179622411727905e-02
4.556539282202720642e-02
4.560984298586845398e-02
4.558204486966133118e-02
4.550426825881004333e-02
4.561374336481094360e-02
4.561818391084671021e-02
4.560399800539016724e-02
4.560519754886627197e-02
4.551086947321891785e-02
4.562892019748687744e-02
4.554852470755577087e-02
4.555807262659072876e-02
4.566133767366409302e-02
4.560315608978271484e-02
4.568341374397277832e-02
4.564677551388740540e-02
4.549049213528633118e-02
4.574149847030639648e-02
4.569619521498680115e-02
4.552941024303436279e-02
4.557881504297256470e-02
4.572324827313423157e-02
4.574562981724739075e-02
4.560217633843421936e-02
4.568667709827423096e-02
4.562500119209289551e-02
4.555788636207580566e-02
4.561189562082290649e-02
4.562134668231010437e-02
4.567686840891838074e-02
4.557851329445838928e-02
4.564165323972702026e-02
4.574172571301460266e-02
4.558723419904708862e-02
4.564150795340538025e-02
4.572781920433044434e-02
4.566046595573425293e-02
4.575923457741737366e-02
4.569388926029205322e-02
4.569566249847412109e-02
4.565675929188728333e-02
4.555686563253402710e-02
4.558392241597175598e-02
4.560986533761024475e-02
4.566942527890205383e-02
4.561190307140350342e-02
4.563821852207183838e-02
4.563314467668533325e-02
4.573952406644821167e-02
4.575858637690544128e-02
4.562736675143241882e-02
4.577403143048286438e-02
4.578062146902084351e-02
4.574306681752204895e-02
4.576742649078369141e-02
4.568991810083389282e-02
4.582504928112030029e-02
4.570437595248222351e-02
4.575393348932266235e-02
4.580714553594589233e-02
4.579274356365203857e-02
4.555529728531837463e-02
4.579840600490570068e-02
4.570421203970909119e-02
4.581384360790252686e-02
4.557753354310989380e-02
4.564207047224044800e-02
4.570522531867027283e-02
4.565124213695526123e-02
4.570205509662628174e-02
4.578187689185142517e-02
4.574969410896301270e-02
4.575835168361663818e-02
4.567116871476173401e-02
4.579662531614303589e-02
4.577054455876350403e-02
4.573616757988929749e-02
4.569185525178909302e-02
4.571577534079551697e-02
4.570791497826576233e-02
4.569406062364578247e-02
4.584256932139396667e-02
4.576442390680313110e-02
4.576079174876213074e-02
4.579268023371696472e-02
4.566117748618125916e-02
4.584004729986190796e-02
4.577129706740379333e-02
4.565458744764328003e-02
4.569060727953910828e-02
4.584863781929016113e-02
4.583217576146125793e-02
4.591711983084678650e-02
4.571226611733436584e-02
4.569116234779357910e-02
4.577418789267539978e-02
4.577963054180145264e-02
4.581593722105026245e-02
4.573753848671913147e-02
4.578317329287528992e-02
4.574788734316825867e-02
4.575460404157638550e-02
4.587298259139060974e-02
4.573367536067962646e-02
4.575251042842864990e-02
4.581621661782264709e-02
4.582142084836959839e-02
4.583054035902023315e-02
4.589730501174926758e-02
4.588264226913452148e-02
4.571866616606712341e-02
4.584538191556930542e-02
4.576455429196357727e-02
4.583427682518959045e-02
4.595243558287620544e-02
4.574138298630714417e-02
4.572477936744689941e-02
4.578013718128204346e-02
4.586463421583175659e-02
4.592749476432800293e-02
4.579741880297660828e-02
4.587608575820922852e-02
4.585496336221694946e-02
4.589581117033958435e-02
4.579580575227737427e-02
4.597050324082374573e-02
4.582356661558151245e-02
4.591637849807739258e-02
4.587263986468315125e-02
4.597895964980125427e-02
4.581478983163833618e-02
4.586927220225334167e-02
4.581443592905998230e-02
4.589908942580223083e-02
4.587882757186889648e-02
4.588875174522399902e-02
4.606325924396514893e-02
4.576443508267402649e-02
4.589286074042320251e-02
4.583322629332542419e-02
4.599772766232490540e-02
4.593654721975326538e-02
4.593673720955848694e-02
4.595750570297241211e-02
4.583715647459030151e-02
4.582092538475990295e-02
4.605562984943389893e-02
4.595548659563064575e-02
4.582570865750312805e-02
4.589396715164184570e-02
4.609389975666999817e-02
4.595479369163513184e-02
4.593578726053237915e-02
4.593409597873687744e-02
4.584704339504241943e-02
4.587626084685325623e-02
4.595981165766716003e-02
4.594197124242782593e-02
4.599435627460479736e-02
4.596076533198356628e-02
4.588038846850395203e-02
4.597689956426620483e-02
4.593765735626220703e-02
4.593340307474136353e-02
4.580182582139968872e-02
4.597679153084754944e-02
4.597824439406394958e-02
4.596264287829399109e-02
4.587926715612411499e-02
4.597340896725654602e-02
4.584649950265884399e-02
4.595254361629486084e-02
4.590216651558876038e-02
4.590830579400062561e-02
4.590431228280067444e-02
4.603528976440429688e-02
4.599201306700706482e-02
4.588992521166801453e-02
4.605742543935775757e-02
4.593286290764808655e-02
4.592158272862434387e-02
4.596604779362678528e-02
4.587768390774726868e-02
4.602996259927749634e-02
4.612093791365623474e-02
4.586029797792434692e-02
4.595690220594406128e-02
4.595838487148284912e-02
4.594190418720245361e-02
4.602584242820739746e-02
4.602386802434921265e-02
4.608917236328125000e-02
4.588378593325614929e-02
4.605941846966743469e-02
4.600292444229125977e-02
4.604952037334442139e-02
4.603754356503486633e-02
4.596247151494026184e-02
4.598603397607803345e-02
4.597178101539611816e-02
4.599191993474960327e-02
4.601372405886650085e-02
4.598370194435119629e-02
4.601575806736946106e-02
4.604800045490264893e-02
4.612452164292335510e-02
4.606667533516883850e-02
4.602881148457527161e-02
4.613058641552925110e-02
4.607504606246948242e-02
4.593007639050483704e-02
4.609016701579093933e-02
4.607140272855758667e-02
4.599688574671745300e-02
4.606261476874351501e-02
4.596633464097976685e-02
4.607849195599555969e-02
4.608633741736412048e-02
4.605586454272270203e-02
4.605175927281379700e-02
4.611393809318542480e-02
4.612773656845092773e-02
4.606540873646736145e-02
4.601017385721206665e-02
4.595180600881576538e-02
4.606366530060768127e-02
4.608869552612304688e-02
4.600480198860168457e-02
4.606661945581436157e-02
4.603381454944610596e-02
4.616539180278778076e-02
4.606252163648605347e-02
4.612619802355766296e-02
4.609248787164688110e-02
4.617157205939292908e-02
4.608439281582832336e-02
4.597597569227218628e-02
4.599283263087272644e-02
4.611170664429664612e-02
4.605706781148910522e-02
4.613430052995681763e-02
4.621318355202674866e-02
4.614049196243286133e-02
4.616887494921684265e-02
4.615944623947143555e-02
4.608212411403656006e-02
4.604572430253028870e-02
4.598363488912582397e-02
4.623752087354660034e-02
4.609880968928337097e-02
4.606876894831657410e-02
4.611726850271224976e-02
4.604950174689292908e-02
4.607944563031196594e-02
4.608120024204254150e-02
4.611789807677268982e-02
