1.020793318748474121e+00
9.977881312370300293e-01
9.511420130729675293e-01
9.214894175529479980e-01
9.121937751770019531e-01
9.038002490997314453e-01
8.928335309028625488e-01
8.805881738662719727e-01
8.683019280433654785e-01
8.555898666381835938e-01
8.461820483207702637e-01
8.354609608650207520e-01
8.215746283531188965e-01
8.029737472534179688e-01
7.910432815551757812e-01
7.729954123497009277e-01
7.552846670150756836e-01
7.914060354232788086e-01
7.227226495742797852e-01
6.925815939903259277e-01
6.741031408309936523e-01
6.483784317970275879e-01
6.342362165451049805e-01
6.161204576492309570e-01
9.232550859451293945e-01
8.481156229972839355e-01
7.413102388381958008e-01
6.538472175598144531e-01
6.129599809646606445e-01
5.935133695602416992e-01
5.822426080703735352e-01
5.691550374031066895e-01
5.586421489715576172e-01
5.458224415779113770e-01
5.370638370513916016e-01
5.251383185386657715e-01
5.163624882698059082e-01
5.081731677055358887e-01
4.918389320373535156e-01
4.810771644115447998e-01
4.702377319335937500e-01
4.579737484455108643e-01
4.530666470527648926e-01
4.324420094490051270e-01
4.312525689601898193e-01
4.155256152153015137e-01
4.055447876453399658e-01
3.953245282173156738e-01
3.966947197914123535e-01
3.827078938484191895e-01
3.948257267475128174e-01
3.588648438453674316e-01
3.482707738876342773e-01
3.409680128097534180e-01
3.412539064884185791e-01
3.285714685916900635e-01
3.324412405490875244e-01
3.103559613227844238e-01
3.043976128101348877e-01
2.981148660182952881e-01
3.168759346008300781e-01
2.921289205551147461e-01
2.851329445838928223e-01
2.709600329399108887e-01
2.697827219963073730e-01
2.624163627624511719e-01
2.613303065299987793e-01
3.967312574386596680e-01
2.533121109008789062e-01
2.480084449052810669e-01
2.448053658008575439e-01
2.399168908596038818e-01
2.382935732603073120e-01
2.378434538841247559e-01
2.610374689102172852e-01
2.354589849710464478e-01
2.292486131191253662e-01
2.230794429779052734e-01
2.220624536275863647e-01
2.205680608749389648e-01
2.158144116401672363e-01
2.128335684537887573e-01
2.070160508155822754e-01
2.041425555944442749e-01
2.039254158735275269e-01
1.982879340648651123e-01
1.974270343780517578e-01
1.971033066511154175e-01
6.334565877914428711e-01
4.578854143619537354e-01
2.680017352104187012e-01
2.164807617664337158e-01
2.049188166856765747e-01
1.955806463956832886e-01
1.884335428476333618e-01
1.920293718576431274e-01
1.849181950092315674e-01
1.847169250249862671e-01
1.791487336158752441e-01
1.797254532575607300e-01
1.768420636653900146e-01
1.731137782335281372e-01
1.690678745508193970e-01
1.680499315261840820e-01
1.780659109354019165e-01
1.626758426427841187e-01
1.645566523075103760e-01
1.730117648839950562e-01
1.562452167272567749e-01
1.591671109199523926e-01
1.529425978660583496e-01
1.561805158853530884e-01
1.513492316007614136e-01
1.483567506074905396e-01
1.392853558063507080e-01
1.446683406829833984e-01
1.403023600578308105e-01
1.433896124362945557e-01
1.404303908348083496e-01
1.437287032604217529e-01
1.386986076831817627e-01
1.293227076530456543e-01
1.314385533332824707e-01
1.293345391750335693e-01
1.272991746664047241e-01
1.256332248449325562e-01
1.296650022268295288e-01
1.228821501135826111e-01
1.258642971515655518e-01
1.158797293901443481e-01
1.249784529209136963e-01
1.208764389157295227e-01
1.162533760070800781e-01
1.126257926225662231e-01
1.252036094665527344e-01
1.097005382180213928e-01
1.121032088994979858e-01
1.110338196158409119e-01
1.095727607607841492e-01
1.097604483366012573e-01
1.106077581644058228e-01
1.031418219208717346e-01
9.879632294178009033e-02
1.037175953388214111e-01
1.033247783780097961e-01
9.772921353578567505e-02
9.870631992816925049e-02
9.543211758136749268e-02
9.568487107753753662e-02
9.552875161170959473e-02
9.665400534868240356e-02
9.268898516893386841e-02
9.370134770870208740e-02
9.424220025539398193e-02
9.743762016296386719e-02
8.328502625226974487e-02
8.416721969842910767e-02
8.951275050640106201e-02
9.212125837802886963e-02
8.213265240192413330e-02
8.493620157241821289e-02
9.096941351890563965e-02
8.185245096683502197e-02
8.664709329605102539e-02
7.871689647436141968e-02
8.620391041040420532e-02
7.651365548372268677e-02
8.288897573947906494e-02
7.584949582815170288e-02
7.761948555707931519e-02
8.016801625490188599e-02
7.976841926574707031e-02
7.020755857229232788e-02
7.166437804698944092e-02
6.999720633029937744e-02
6.955693662166595459e-02
8.136008679866790771e-02
7.406900823116302490e-02
8.069992810487747192e-02
7.338116317987442017e-02
7.670377939939498901e-02
7.207022607326507568e-02
6.656504422426223755e-02
7.362699508666992188e-02
6.433932483196258545e-02
6.859958916902542114e-02
6.514844298362731934e-02
6.965687870979309082e-02
6.489419192075729370e-02
6.685231626033782959e-02
7.052762061357498169e-02
5.979853123426437378e-02
6.899085640907287598e-02
6.359792500734329224e-02
7.030429691076278687e-02
6.568532437086105347e-02
6.203479319810867310e-02
6.351698189973831177e-02
6.248356029391288757e-02
5.682406947016716003e-02
6.515158712863922119e-02
5.987454578280448914e-02
6.201945617794990540e-02
6.598481535911560059e-02
5.842602625489234924e-02
6.323571503162384033e-02
5.763449147343635559e-02
6.154190376400947571e-02
5.769098550081253052e-02
5.938534438610076904e-02
5.746543779969215393e-02
5.425311997532844543e-02
5.365642532706260681e-02
5.869246646761894226e-02
5.649561807513237000e-02
6.079244986176490784e-02
5.724180489778518677e-02
6.137555465102195740e-02
5.709542706608772278e-02
5.954236164689064026e-02
5.620971322059631348e-02
5.049965158104896545e-02
5.771651118993759155e-02
5.360788851976394653e-02
5.513583868741989136e-02
4.830988869071006775e-02
5.869416892528533936e-02
5.077108740806579590e-02
5.122147127985954285e-02
4.633833840489387512e-02
5.196100845932960510e-02
4.876266047358512878e-02
5.232729390263557434e-02
5.298285931348800659e-02
5.027781054377555847e-02
4.981660842895507812e-02
5.287327989935874939e-02
4.849570244550704956e-02
6.089315935969352722e-02
5.003746226429939270e-02
5.405421182513237000e-02
5.181996524333953857e-02
5.289934948086738586e-02
5.057458579540252686e-02
4.704011231660842896e-02
5.152413249015808105e-02
5.288657546043395996e-02
4.757747054100036621e-02
4.709823057055473328e-02
5.017149820923805237e-02
5.206212028861045837e-02
4.745265468955039978e-02
4.844496026635169983e-02
4.825175926089286804e-02
4.509695991873741150e-02
4.848298802971839905e-02
4.367226734757423401e-02
4.712733998894691467e-02
4.561057686805725098e-02
4.909884184598922729e-02
4.439147934317588806e-02
4.771963879466056824e-02
4.324651136994361877e-02
4.205860197544097900e-02
4.566452279686927795e-02
4.269420728087425232e-02
3.887014091014862061e-02
4.389542713761329651e-02
4.304027184844017029e-02
4.657791554927825928e-02
4.302031546831130981e-02
4.535282775759696960e-02
4.373308643698692322e-02
4.575380310416221619e-02
3.885661438107490540e-02
4.373064264655113220e-02
4.602098092436790466e-02
4.466885700821876526e-02
4.412206262350082397e-02
4.058638960123062134e-02
4.290872812271118164e-02
4.778783023357391357e-02
4.025755822658538818e-02
4.516822099685668945e-02
4.229471087455749512e-02
4.351399093866348267e-02
4.042814671993255615e-02
4.379534721374511719e-02
4.417885094881057739e-02
4.040605202317237854e-02
4.307739809155464172e-02
4.032616317272186279e-02
4.465391859412193298e-02
4.226371273398399353e-02
4.217296093702316284e-02
4.418814182281494141e-02
4.173035547137260437e-02
4.538195207715034485e-02
4.168001562356948853e-02
3.710470348596572876e-02
4.045548290014266968e-02
4.281307756900787354e-02
3.957432880997657776e-02
4.052002355456352234e-02
4.079107567667961121e-02
4.434191063046455383e-02
3.738689050078392029e-02
3.609003126621246338e-02
3.395700454711914062e-02
3.962320834398269653e-02
4.362249001860618591e-02
3.708136081695556641e-02
4.034950211644172668e-02
3.812263160943984985e-02
4.123429954051971436e-02
3.831346705555915833e-02
3.718171268701553345e-02
4.057595878839492798e-02
3.845120221376419067e-02
3.340579569339752197e-02
3.560800477862358093e-02
3.896848112344741821e-02
3.446970134973526001e-02
3.535293415188789368e-02
3.758434578776359558e-02
3.580728173255920410e-02
3.598396107554435730e-02
3.945521637797355652e-02
3.287074342370033264e-02
3.589409589767456055e-02
3.994089365005493164e-02
3.657320886850357056e-02
3.566849231719970703e-02
3.313325345516204834e-02
3.869864344596862793e-02
3.447863087058067322e-02
3.718017786741256714e-02
3.985569253563880920e-02
3.454504162073135376e-02
4.031521454453468323e-02
3.597042337059974670e-02
3.466757759451866150e-02
3.405824676156044006e-02
3.723680973052978516e-02
3.673133254051208496e-02
3.495885059237480164e-02
3.663942962884902954e-02
3.444027528166770935e-02
3.697497397661209106e-02
3.485880419611930847e-02
3.665715083479881287e-02
3.361475095152854919e-02
3.582538291811943054e-02
3.942302241921424866e-02
3.310808166861534119e-02
3.506762534379959106e-02
3.469936549663543701e-02
3.356972336769104004e-02
3.406593948602676392e-02
3.355137631297111511e-02
3.783111274242401123e-02
3.451878204941749573e-02
3.643010184168815613e-02
3.234317153692245483e-02
3.365843743085861206e-02
3.161704167723655701e-02
3.260027244687080383e-02
3.574107214808464050e-02
3.433261811733245850e-02
3.471304476261138916e-02
3.589065000414848328e-02
3.582678362727165222e-02
3.144412487745285034e-02
3.418552130460739136e-02
3.088830411434173584e-02
3.408715128898620605e-02
3.226447477936744690e-02
3.512202948331832886e-02
3.021752461791038513e-02
3.233354166150093079e-02
3.541421890258789062e-02
3.332863003015518188e-02
3.357612714171409607e-02
3.575934097170829773e-02
3.625662624835968018e-02
3.309597820043563843e-02
3.140996396541595459e-02
3.603844717144966125e-02
3.136399760842323303e-02
3.158082067966461182e-02
3.306466713547706604e-02
2.973813377320766449e-02
3.077950142323970795e-02
3.026536293327808380e-02
3.012377209961414337e-02
2.904629893600940704e-02
3.119000606238842010e-02
3.318870812654495239e-02
3.105740621685981750e-02
3.238100185990333557e-02
3.305939957499504089e-02
3.270070999860763550e-02
2.955467998981475830e-02
3.254341334104537964e-02
2.981117926537990570e-02
2.945952489972114563e-02
3.042322583496570587e-02
2.969268523156642914e-02
2.986571006476879120e-02
3.159740567207336426e-02
3.508835285902023315e-02
3.168606013059616089e-02
3.043926507234573364e-02
2.893902175128459930e-02
2.885068766772747040e-02
3.198256716132164001e-02
3.120502829551696777e-02
3.432261198759078979e-02
2.987413480877876282e-02
2.979774028062820435e-02
2.843658439815044403e-02
3.170217946171760559e-02
2.839767746627330780e-02
3.056270815432071686e-02
2.854331769049167633e-02
3.030879423022270203e-02
2.908722497522830963e-02
3.164010494947433472e-02
2.843636088073253632e-02
3.033985756337642670e-02
2.645338885486125946e-02
2.810786291956901550e-02
2.773413062095642090e-02
2.943964488804340363e-02
2.878534980118274689e-02
3.070810250937938690e-02
2.976330555975437164e-02
2.865242958068847656e-02
2.721071615815162659e-02
2.805155329406261444e-02
2.768725343048572540e-02
3.040910698473453522e-02
3.067473322153091431e-02
2.922661043703556061e-02
3.152115270495414734e-02
2.895916812121868134e-02
2.980412915349006653e-02
2.747766859829425812e-02
2.841721661388874054e-02
3.126970306038856506e-02
3.067283704876899719e-02
2.868262305855751038e-02
3.008226305246353149e-02
2.633396163582801819e-02
2.715464681386947632e-02
2.890418283641338348e-02
2.711978927254676819e-02
2.919746190309524536e-02
2.991642989218235016e-02
2.826648578047752380e-02
2.735764905810356140e-02
2.950107492506504059e-02
2.578572742640972137e-02
2.670006453990936279e-02
2.804082818329334259e-02
2.751243114471435547e-02
2.855782769620418549e-02
2.726952731609344482e-02
2.817979082465171814e-02
2.778764814138412476e-02
2.654804661870002747e-02
2.782721817493438721e-02
2.801103889942169189e-02
2.648326940834522247e-02
2.783465012907981873e-02
2.834708616137504578e-02
2.486107870936393738e-02
2.480883710086345673e-02
2.492045983672142029e-02
2.544724754989147186e-02
2.872334979474544525e-02
2.717144601047039032e-02
2.730474993586540222e-02
2.869114279747009277e-02
2.654408290982246399e-02
2.905866876244544983e-02
2.801610529422760010e-02
2.635867521166801453e-02
2.505980804562568665e-02
3.058581799268722534e-02
2.523763291537761688e-02
2.786242775619029999e-02
2.589685283601284027e-02
2.669823914766311646e-02
2.675747312605381012e-02
2.895142883062362671e-02
2.672031521797180176e-02
2.678084187209606171e-02
2.560205943882465363e-02
2.408986538648605347e-02
2.576586045324802399e-02
2.473634295165538788e-02
2.674357220530509949e-02
2.740165032446384430e-02
2.436513639986515045e-02
2.563840523362159729e-02
2.857876382768154144e-02
2.505601383745670319e-02
2.596786618232727051e-02
2.646627463400363922e-02
2.622710727155208588e-02
2.519421465694904327e-02
2.604882605373859406e-02
2.406324632465839386e-02
2.357717230916023254e-02
2.389951609075069427e-02
2.679030038416385651e-02
2.601980417966842651e-02
2.316846325993537903e-02
2.518610283732414246e-02
2.628843486309051514e-02
2.438732236623764038e-02
2.410661242902278900e-02
2.514192089438438416e-02
2.491529844701290131e-02
2.399273961782455444e-02
2.649188786745071411e-02
2.342208661139011383e-02
2.494696900248527527e-02
2.384587936103343964e-02
2.325648255646228790e-02
2.322692610323429108e-02
2.389375120401382446e-02
2.538835443556308746e-02
2.394672669470310211e-02
2.624976821243762970e-02
2.585807442665100098e-02
2.469808794558048248e-02
2.599284611642360687e-02
2.478357963263988495e-02
2.343974076211452484e-02
2.397002838551998138e-02
2.316182851791381836e-02
2.363496460020542145e-02
2.396536618471145630e-02
2.509020827710628510e-02
2.276451513171195984e-02
2.356152236461639404e-02
2.248171158134937286e-02
2.539603039622306824e-02
2.221670933067798615e-02
2.468399889767169952e-02
2.344088442623615265e-02
2.662101574242115021e-02
2.445493638515472412e-02
2.203456126153469086e-02
2.297985740005970001e-02
2.328176423907279968e-02
2.413459680974483490e-02
2.394505962729454041e-02
2.360141277313232422e-02
2.161519043147563934e-02
2.151035517454147339e-02
2.359013073146343231e-02
2.360218577086925507e-02
2.227073349058628082e-02
2.417046763002872467e-02
2.459366060793399811e-02
2.320959791541099548e-02
2.153148315846920013e-02
2.253870293498039246e-02
2.224974147975444794e-02
2.357320860028266907e-02
2.170709148049354553e-02
2.137533016502857208e-02
2.476349100470542908e-02
2.192136272788047791e-02
2.302915230393409729e-02
2.205296233296394348e-02
2.321074157953262329e-02
2.265017293393611908e-02
2.444561384618282318e-02
2.180671691894531250e-02
2.173366211354732513e-02
2.295757643878459930e-02
2.238758653402328491e-02
2.240705676376819611e-02
2.101784572005271912e-02
2.230081893503665924e-02
2.126358821988105774e-02
2.178660221397876740e-02
2.339307218790054321e-02
2.197076566517353058e-02
2.236716821789741516e-02
2.190740033984184265e-02
2.465395443141460419e-02
2.221270650625228882e-02
2.348908782005310059e-02
2.324901893734931946e-02
2.157071232795715332e-02
2.103464305400848389e-02
2.082553505897521973e-02
2.177075855433940887e-02
2.154736965894699097e-02
2.023085951805114746e-02
2.421255409717559814e-02
2.241674065589904785e-02
2.343011833727359772e-02
2.115445025265216827e-02
2.375976555049419403e-02
2.185473777353763580e-02
2.319807745516300201e-02
2.249501273036003113e-02
2.181029506027698517e-02
2.147323079407215118e-02
2.206291630864143372e-02
2.235709130764007568e-02
2.174437791109085083e-02
2.147396653890609741e-02
2.116774953901767731e-02
2.124614827334880829e-02
2.152730338275432587e-02
2.002056129276752472e-02
2.076277136802673340e-02
2.075923606753349304e-02
2.175277657806873322e-02
2.251906320452690125e-02
2.243412472307682037e-02
2.002567239105701447e-02
2.137994952499866486e-02
2.038428746163845062e-02
2.038881368935108185e-02
2.053621411323547363e-02
1.992698386311531067e-02
1.988733001053333282e-02
2.070159837603569031e-02
2.203783020377159119e-02
2.086772583425045013e-02
1.967697776854038239e-02
2.114260941743850708e-02
2.147370949387550354e-02
2.133740857243537903e-02
2.066002786159515381e-02
2.212092652916908264e-02
2.029557898640632629e-02
2.121169306337833405e-02
2.043849043548107147e-02
1.963196508586406708e-02
2.159832790493965149e-02
2.072085998952388763e-02
2.045956254005432129e-02
2.138330787420272827e-02
2.230871655046939850e-02
2.098094485700130463e-02
2.052005566656589508e-02
2.117056772112846375e-02
2.026641368865966797e-02
1.994168385863304138e-02
2.023099176585674286e-02
1.944506354629993439e-02
2.026269212365150452e-02
2.048902772367000580e-02
1.972710900008678436e-02
2.038706652820110321e-02
2.082337625324726105e-02
2.022222056984901428e-02
2.021942473948001862e-02
1.961405761539936066e-02
1.958418078720569611e-02
1.918726228177547455e-02
2.028998546302318573e-02
2.110178396105766296e-02
1.974125206470489502e-02
2.106823772192001343e-02
1.968001760542392731e-02
2.061883360147476196e-02
1.902790367603302002e-02
1.924535259604454041e-02
2.144026756286621094e-02
1.944187842309474945e-02
2.012405358254909515e-02
2.099813520908355713e-02
2.107213065028190613e-02
2.116023935377597809e-02
2.013202942907810211e-02
1.965304836630821228e-02
1.887625083327293396e-02
2.056784927845001221e-02
1.917367056012153625e-02
2.002168074250221252e-02
1.947180368006229401e-02
2.048202790319919586e-02
1.896505989134311676e-02
2.088523283600807190e-02
1.954878307878971100e-02
1.874517835676670074e-02
2.027202211320400238e-02
1.877133175730705261e-02
1.989906653761863708e-02
1.869887858629226685e-02
2.014163322746753693e-02
1.964484900236129761e-02
1.968947798013687134e-02
1.959948241710662842e-02
1.936990208923816681e-02
1.978617161512374878e-02
1.995548419654369354e-02
1.867449656128883362e-02
1.905462332069873810e-02
2.018563076853752136e-02
1.924705319106578827e-02
2.015644311904907227e-02
2.042989246547222137e-02
1.931245625019073486e-02
1.919189654290676117e-02
1.967632211744785309e-02
1.885941252112388611e-02
1.861263811588287354e-02
1.914790645241737366e-02
2.006739564239978790e-02
1.996803097426891327e-02
1.876470632851123810e-02
1.826117932796478271e-02
1.941954903304576874e-02
1.839762181043624878e-02
1.951278559863567352e-02
2.023178711533546448e-02
1.942363753914833069e-02
1.883919723331928253e-02
1.871384307742118835e-02
1.860046014189720154e-02
1.869514770805835724e-02
1.854182779788970947e-02
1.839484833180904388e-02
1.842010393738746643e-02
1.894139125943183899e-02
1.837226748466491699e-02
1.803900673985481262e-02
1.875943131744861603e-02
1.900089718401432037e-02
1.877530664205551147e-02
1.841411739587783813e-02
1.877097971737384796e-02
1.913695037364959717e-02
1.851969026029109955e-02
1.867876946926116943e-02
1.872471347451210022e-02
1.792153902351856232e-02
1.861508004367351532e-02
1.891404576599597931e-02
1.827456243336200714e-02
1.826441101729869843e-02
1.880342885851860046e-02
1.850177533924579620e-02
1.809154264628887177e-02
1.818930543959140778e-02
1.866783387959003448e-02
1.824299804866313934e-02
1.874149218201637268e-02
1.891914755105972290e-02
1.880884915590286255e-02
1.806599460542201996e-02
1.835236884653568268e-02
1.842536963522434235e-02
1.795805804431438446e-02
1.834114268422126770e-02
1.833752170205116272e-02
1.843031495809555054e-02
1.823728717863559723e-02
1.813062466681003571e-02
1.775879040360450745e-02
1.821707561612129211e-02
1.884277351200580597e-02
1.833252981305122375e-02
1.800791919231414795e-02
1.786044798791408539e-02
1.859220676124095917e-02
1.890455372631549835e-02
1.785352453589439392e-02
1.751364953815937042e-02
1.906648650765419006e-02
1.812317594885826111e-02
1.862622797489166260e-02
1.801676861941814423e-02
1.885216124355792999e-02
1.785498112440109253e-02
1.819450035691261292e-02
1.786005683243274689e-02
1.887926645576953888e-02
1.759148389101028442e-02
1.766706444323062897e-02
1.837623491883277893e-02
1.794474571943283081e-02
1.781381852924823761e-02
1.845512166619300842e-02
1.730653084814548492e-02
1.749829947948455811e-02
1.831624284386634827e-02
1.886052824556827545e-02
1.768466085195541382e-02
1.750019751489162445e-02
1.777940616011619568e-02
1.796668022871017456e-02
1.832196861505508423e-02
1.858383230865001678e-02
1.781642623245716095e-02
1.736139506101608276e-02
1.742198690772056580e-02
1.772360317409038544e-02
1.741786114871501923e-02
1.721178926527500153e-02
1.748519018292427063e-02
1.782790943980216980e-02
1.732292212545871735e-02
1.732407696545124054e-02
1.749190129339694977e-02
1.744040101766586304e-02
1.706288382411003113e-02
1.855100877583026886e-02
1.829030551016330719e-02
1.723833940923213959e-02
1.748953945934772491e-02
1.748190820217132568e-02
1.737714931368827820e-02
1.790780946612358093e-02
1.721514202654361725e-02
1.773089356720447540e-02
1.740451529622077942e-02
1.786222308874130249e-02
1.727378740906715393e-02
1.735991239547729492e-02
1.708982512354850769e-02
1.695124059915542603e-02
1.779433712363243103e-02
1.762814819812774658e-02
1.785313151776790619e-02
1.739438250660896301e-02
1.718086376786231995e-02
1.710104197263717651e-02
1.710757799446582794e-02
1.726070791482925415e-02
1.722847856581211090e-02
1.744715683162212372e-02
1.719393581151962280e-02
1.711512729525566101e-02
1.760480552911758423e-02
1.708863116800785065e-02
1.731888018548488617e-02
1.761854998767375946e-02
1.692807115614414215e-02
1.692260242998600006e-02
1.746072061359882355e-02
1.775082573294639587e-02
1.745282113552093506e-02
1.695216260850429535e-02
1.711606979370117188e-02
1.690869964659214020e-02
1.687606982886791229e-02
1.725194416940212250e-02
1.768387481570243835e-02
1.736079715192317963e-02
1.702777296304702759e-02
1.712108775973320007e-02
1.705624721944332123e-02
1.686116494238376617e-02
1.680615544319152832e-02
1.758497208356857300e-02
1.685092784464359283e-02
1.690853945910930634e-02
1.662142574787139893e-02
1.686633005738258362e-02
1.714120618999004364e-02
1.703287661075592041e-02
1.683761551976203918e-02
1.711856015026569366e-02
1.696635596454143524e-02
1.698043942451477051e-02
1.701465621590614319e-02
1.684451475739479065e-02
1.680151559412479401e-02
1.681225933134555817e-02
1.680124737322330475e-02
1.681847497820854187e-02
1.682571694254875183e-02
1.676653139293193817e-02
1.663019880652427673e-02
1.711401715874671936e-02
1.683195121586322784e-02
1.667255349457263947e-02
1.679369620978832245e-02
1.647539064288139343e-02
1.690039411187171936e-02
1.684588752686977386e-02
1.671778596937656403e-02
1.674703694880008698e-02
1.696351729333400726e-02
1.668228767812252045e-02
1.683459430932998657e-02
1.721293292939662933e-02
1.654683426022529602e-02
1.672954857349395752e-02
1.678278297185897827e-02
1.665306650102138519e-02
1.693987846374511719e-02
1.696569286286830902e-02
1.665221340954303741e-02
1.689037121832370758e-02
1.675889082252979279e-02
1.703769899904727936e-02
1.637942902743816376e-02
1.674939878284931183e-02
1.678505167365074158e-02
1.670582592487335205e-02
1.650383882224559784e-02
1.649928838014602661e-02
1.720498315989971161e-02
1.676301844418048859e-02
1.651361398398876190e-02
1.666644401848316193e-02
1.699410192668437958e-02
1.728503033518791199e-02
1.647036708891391754e-02
1.681275293231010437e-02
1.661002263426780701e-02
1.662280410528182983e-02
1.662776805460453033e-02
1.653817668557167053e-02
1.660441607236862183e-02
1.633528992533683777e-02
1.637714728713035583e-02
1.639986597001552582e-02
1.658055372536182404e-02
1.635301485657691956e-02
1.657564379274845123e-02
1.622284762561321259e-02
1.641648449003696442e-02
1.664722897112369537e-02
1.635818183422088623e-02
1.642998121678829193e-02
1.628483273088932037e-02
1.649117842316627502e-02
1.642796024680137634e-02
1.660844124853610992e-02
1.616653054952621460e-02
1.649699732661247253e-02
1.666437461972236633e-02
1.614930108189582825e-02
1.633832976222038269e-02
1.624331064522266388e-02
1.622636988759040833e-02
1.668182946741580963e-02
1.630565896630287170e-02
1.638320274651050568e-02
1.654478348791599274e-02
1.663482747972011566e-02
1.667151227593421936e-02
1.622479595243930817e-02
1.644252613186836243e-02
1.631499081850051880e-02
1.619802974164485931e-02
1.625511795282363892e-02
1.659652777016162872e-02
1.648535579442977905e-02
1.616739109158515930e-02
1.631008088588714600e-02
1.632078737020492554e-02
1.626128330826759338e-02
1.638516969978809357e-02
1.632128655910491943e-02
1.639654859900474548e-02
1.670094020664691925e-02
1.630668714642524719e-02
1.619951799511909485e-02
1.621126197278499603e-02
1.611242815852165222e-02
1.615487970411777496e-02
1.603895053267478943e-02
1.624794118106365204e-02
1.635507866740226746e-02
1.618442498147487640e-02
1.614654622972011566e-02
1.601715199649333954e-02
1.631870679557323456e-02
1.612544991075992584e-02
1.597681082785129547e-02
1.613992080092430115e-02
1.607555150985717773e-02
1.609336398541927338e-02
1.639700494706630707e-02
1.619591936469078064e-02
1.624970510601997375e-02
1.653741672635078430e-02
1.602853834629058838e-02
1.612926274538040161e-02
1.607549563050270081e-02
1.607179455459117889e-02
1.594064757227897644e-02
1.624573953449726105e-02
1.610417477786540985e-02
1.644394174218177795e-02
1.607115007936954498e-02
1.628717966377735138e-02
1.606176979839801788e-02
1.632754690945148468e-02
1.630713790655136108e-02
1.615363918244838715e-02
1.644326373934745789e-02
1.609792932868003845e-02
1.601233705878257751e-02
1.630004309117794037e-02
1.607267186045646667e-02
1.614943705499172211e-02
1.582334935665130615e-02
1.609752699732780457e-02
1.586276106536388397e-02
1.599221490323543549e-02
1.590317115187644958e-02
1.609339006245136261e-02
1.588726416230201721e-02
1.606867834925651550e-02
1.609182916581630707e-02
1.609859615564346313e-02
1.587544940412044525e-02
1.607948541641235352e-02
1.606016978621482849e-02
1.593461632728576660e-02
1.595820114016532898e-02
1.582367531955242157e-02
1.586862094700336456e-02
1.585081219673156738e-02
1.589732989668846130e-02
1.583645306527614594e-02
1.582224480807781219e-02
1.587547175586223602e-02
1.579510793089866638e-02
1.588548533618450165e-02
1.592954806983470917e-02
1.587986014783382416e-02
1.631757616996765137e-02
1.595103926956653595e-02
1.581879891455173492e-02
1.605751924216747284e-02
1.578951627016067505e-02
1.581402122974395752e-02
1.586010493338108063e-02
1.593425124883651733e-02
1.582851819694042206e-02
1.587404683232307434e-02
1.619298569858074188e-02
1.590655557811260223e-02
1.615538075566291809e-02
1.580179855227470398e-02
1.581206917762756348e-02
1.602888479828834534e-02
1.590206101536750793e-02
1.585628651082515717e-02
1.590523496270179749e-02
1.588635891675949097e-02
1.583900675177574158e-02
1.593818143010139465e-02
1.605309732258319855e-02
1.576533168554306030e-02
1.581414602696895599e-02
1.573067158460617065e-02
1.562504097819328308e-02
1.584880426526069641e-02
1.607416383922100067e-02
1.580938696861267090e-02
1.572314649820327759e-02
1.570217683911323547e-02
1.560890302062034607e-02
1.591145992279052734e-02
1.563682034611701965e-02
1.580152474343776703e-02
1.574150286614894867e-02
1.581446826457977295e-02
1.595800928771495819e-02
1.575665734708309174e-02
1.571750827133655548e-02
1.574615016579627991e-02
1.583578996360301971e-02
1.566250249743461609e-02
1.588862761855125427e-02
1.566314138472080231e-02
1.576969400048255920e-02
1.586090959608554840e-02
1.581740565598011017e-02
1.571184024214744568e-02
1.584211178123950958e-02
1.559065096080303192e-02
1.570222154259681702e-02
1.568809896707534790e-02
1.558544300496578217e-02
1.594245061278343201e-02
1.567950472235679626e-02
1.566003821790218353e-02
1.573050953447818756e-02
1.563466526567935944e-02
1.559417229145765305e-02
1.572956144809722900e-02
1.562788523733615875e-02
1.574399508535861969e-02
1.563245803117752075e-02
1.568054221570491791e-02
1.561612170189619064e-02
1.561732124537229538e-02
1.564641110599040985e-02
1.556689757853746414e-02
1.568588800728321075e-02
1.568986289203166962e-02
1.562550105154514313e-02
1.556231360882520676e-02
1.547596603631973267e-02
1.574032008647918701e-02
1.563035696744918823e-02
1.561423763632774353e-02
1.554965600371360779e-02
1.546319946646690369e-02
1.572914421558380127e-02
1.563496142625808716e-02
1.568912155926227570e-02
1.560586411505937576e-02
1.551979780197143555e-02
1.565260440111160278e-02
1.567476615309715271e-02
1.562766730785369873e-02
1.563805155456066132e-02
1.549255754798650742e-02
1.558044459670782089e-02
1.565222628414630890e-02
1.563875004649162292e-02
1.559827104210853577e-02
1.554151717573404312e-02
1.568882912397384644e-02
1.543324720114469528e-02
1.569187268614768982e-02
1.560767553746700287e-02
1.577813364565372467e-02
1.567948237061500549e-02
1.532918494194746017e-02
1.549926772713661194e-02
1.561563089489936829e-02
1.533305551856756210e-02
1.550063397735357285e-02
1.551352534443140030e-02
1.546197105199098587e-02
1.561776641756296158e-02
1.551868859678506851e-02
1.560905855149030685e-02
1.557083893567323685e-02
1.552384998649358749e-02
1.543919555842876434e-02
1.542839780449867249e-02
1.548160426318645477e-02
1.541440840810537338e-02
1.555190328508615494e-02
1.558637060225009918e-02
1.561340782791376114e-02
1.542104780673980713e-02
1.536896266043186188e-02
1.537957694381475449e-02
1.548802014440298080e-02
1.540150493383407593e-02
1.547931972891092300e-02
1.550357136875391006e-02
1.556182466447353363e-02
1.543933898210525513e-02
1.555956248193979263e-02
1.554400473833084106e-02
1.543556712567806244e-02
1.552879344671964645e-02
1.547595858573913574e-02
1.541467104107141495e-02
1.554013974964618683e-02
1.528754923492670059e-02
1.542011089622974396e-02
1.566987857222557068e-02
1.532556861639022827e-02
1.536871679127216339e-02
1.533637940883636475e-02
1.556019019335508347e-02
1.546118129044771194e-02
1.542291324585676193e-02
1.549405325204133987e-02
1.544440072029829025e-02
1.529966667294502258e-02
1.548132859170436859e-02
1.542055513709783554e-02
1.544663496315479279e-02
1.539815496653318405e-02
1.548051368445158005e-02
1.553939189761877060e-02
1.560483314096927643e-02
1.552154589444398880e-02
1.539347507059574127e-02
1.521923113614320755e-02
1.555392146110534668e-02
1.545645575970411301e-02
1.532960217446088791e-02
1.550069265067577362e-02
1.536983065307140350e-02
1.538773346692323685e-02
1.530152931809425354e-02
1.543664000928401947e-02
1.546021178364753723e-02
1.562194153666496277e-02
1.538663916289806366e-02
1.531456597149372101e-02
1.536249089986085892e-02
1.547721773386001587e-02
1.536114141345024109e-02
1.526848971843719482e-02
1.549857947975397110e-02
1.526139304041862488e-02
1.529465708881616592e-02
1.535447966307401657e-02
1.525214686989784241e-02
1.534175034612417221e-02
1.528184395283460617e-02
1.539020147174596786e-02
1.530538219958543777e-02
1.556937117129564285e-02
1.548223476856946945e-02
1.540773082524538040e-02
1.530750188976526260e-02
1.535177696496248245e-02
1.540490519255399704e-02
1.537527702748775482e-02
1.540861930698156357e-02
1.534555666148662567e-02
1.535547990351915359e-02
1.534354407340288162e-02
1.538551971316337585e-02
1.520572602748870850e-02
1.526491809636354446e-02
1.527389232069253922e-02
1.537508796900510788e-02
1.523678936064243317e-02
1.537410169839859009e-02
1.541379559785127640e-02
1.540472358465194702e-02
1.541329175233840942e-02
1.539005897939205170e-02
1.544047892093658447e-02
1.542031578719615936e-02
1.528467051684856415e-02
1.540324185043573380e-02
1.532005425542593002e-02
1.534121297299861908e-02
1.533368695527315140e-02
1.523777563124895096e-02
1.545466110110282898e-02
1.539574284106492996e-02
1.534066163003444672e-02
1.511165872216224670e-02
1.528934296220541000e-02
1.550337299704551697e-02
1.531347073614597321e-02
1.520150620490312576e-02
1.525831781327724457e-02
1.520253438502550125e-02
1.537605561316013336e-02
1.527259871363639832e-02
1.534411869943141937e-02
1.540987659245729446e-02
1.543752104043960571e-02
1.548357866704463959e-02
1.520522963255643845e-02
1.511605083942413330e-02
1.514597795903682709e-02
1.522383093833923340e-02
1.517825387418270111e-02
1.522400230169296265e-02
1.518877316266298294e-02
1.522213127464056015e-02
1.516043208539485931e-02
1.524782460182905197e-02
1.533187925815582275e-02
1.536134164780378342e-02
1.517974771559238434e-02
1.530729979276657104e-02
1.523001398891210556e-02
1.523579191416501999e-02
1.541561819612979889e-02
1.524184644222259521e-02
1.545407157391309738e-02
1.524359080940485001e-02
1.514660753309726715e-02
1.534644607454538345e-02
1.529738772660493851e-02
1.516231149435043335e-02
1.538822706788778305e-02
1.522445213049650192e-02
1.517867669463157654e-02
1.539919897913932800e-02
1.527961902320384979e-02
1.521273422986268997e-02
1.511935982853174210e-02
1.520997378975152969e-02
1.543206069618463516e-02
1.510688196867704391e-02
1.539804786443710327e-02
1.519070286303758621e-02
1.506589446216821671e-02
1.525439415127038956e-02
1.507974509149789810e-02
1.520503219217061996e-02
1.514137163758277893e-02
1.531896274536848068e-02
1.564996130764484406e-02
1.516870595514774323e-02
1.511492766439914703e-02
1.509704347699880600e-02
1.514400448650121689e-02
1.532897911965847015e-02
1.521360129117965698e-02
1.545111928135156631e-02
1.528684888035058975e-02
1.519165094941854477e-02
1.522981282323598862e-02
1.520416606217622757e-02
1.515900902450084686e-02
1.517306547611951828e-02
1.539736706763505936e-02
1.506971661001443863e-02
1.501908060163259506e-02
1.520653069019317627e-02
1.530311256647109985e-02
1.523768808692693710e-02
1.530439034104347229e-02
1.506065018475055695e-02
1.533700432628393173e-02
1.514107175171375275e-02
1.519996020942926407e-02
1.543571986258029938e-02
1.506176777184009552e-02
1.516560371965169907e-02
1.522886846214532852e-02
1.529785711318254471e-02
1.532356906682252884e-02
1.536340918391942978e-02
1.512261852622032166e-02
1.509094424545764923e-02
1.524424739181995392e-02
1.529968343675136566e-02
1.520393881946802139e-02
1.514600496739149094e-02
1.519959513098001480e-02
1.500557549297809601e-02
1.509168837219476700e-02
1.510374248027801514e-02
1.514916960150003433e-02
1.514993421733379364e-02
1.509922649711370468e-02
1.516896113753318787e-02
1.507799793034791946e-02
1.532626152038574219e-02
1.518809795379638672e-02
1.522215642035007477e-02
1.509557198733091354e-02
1.517036277800798416e-02
1.536936219781637192e-02
1.510402932763099670e-02
1.519985869526863098e-02
1.516522467136383057e-02
1.519745960831642151e-02
1.515581924468278885e-02
1.523888669908046722e-02
1.522520091384649277e-02
1.515161711722612381e-02
1.514601148664951324e-02
1.517399773001670837e-02
1.508596632629632950e-02
1.517503056675195694e-02
1.510604284703731537e-02
1.518320385366678238e-02
1.504763402044773102e-02
1.503593754023313522e-02
1.501391455531120300e-02
1.534463185817003250e-02
1.514996401965618134e-02
1.523960288614034653e-02
1.524809375405311584e-02
1.520592439919710159e-02
1.515447534620761871e-02
1.507929246872663498e-02
1.510746963322162628e-02
1.516879070550203323e-02
1.517039630562067032e-02
1.549966633319854736e-02
1.514669787138700485e-02
1.505509857088327408e-02
1.520773861557245255e-02
1.515941880643367767e-02
1.522975042462348938e-02
1.512368395924568176e-02
1.539037469774484634e-02
1.518821064382791519e-02
1.498869713395833969e-02
1.504052616655826569e-02
1.521280780434608459e-02
1.513715460896492004e-02
1.489542797207832336e-02
1.516638975590467453e-02
1.500312052667140961e-02
1.534677669405937195e-02
1.519729569554328918e-02
1.526090130209922791e-02
1.515350770205259323e-02
1.512212026864290237e-02
1.514787226915359497e-02
1.518508233129978180e-02
1.525501441210508347e-02
1.517132204025983810e-02
1.499175094068050385e-02
1.501884032040834427e-02
1.514474488794803619e-02
1.505595631897449493e-02
1.506952010095119476e-02
1.505849324166774750e-02
1.522934995591640472e-02
1.528424024581909180e-02
1.500312145799398422e-02
1.508892700076103210e-02
1.520221680402755737e-02
1.511564198881387711e-02
1.508005335927009583e-02
1.506989262998104095e-02
1.504950132220983505e-02
1.516090240329504013e-02
1.508372277021408081e-02
1.510252337902784348e-02
1.517244894057512283e-02
1.523252483457326889e-02
1.512074004858732224e-02
1.531268190592527390e-02
1.514784898608922958e-02
1.506316941231489182e-02
1.511537749320268631e-02
1.508990023285150528e-02
1.510397531092166901e-02
1.519306004047393799e-02
1.504373829811811447e-02
1.509510166943073273e-02
1.496085152029991150e-02
1.540742348879575729e-02
1.502018515020608902e-02
1.527691353112459183e-02
1.498077530413866043e-02
1.521950028836727142e-02
1.505180168896913528e-02
1.520484592765569687e-02
1.501086261123418808e-02
1.511245127767324448e-02
1.509279757738113403e-02
1.515146810561418533e-02
1.513917464762926102e-02
1.505002751946449280e-02
1.534862723201513290e-02
1.505059190094470978e-02
1.499395724385976791e-02
1.510411780327558517e-02
1.504966896027326584e-02
1.504191849380731583e-02
1.506453938782215118e-02
1.521891448646783829e-02
1.510479580610990524e-02
1.508343126624822617e-02
1.501655112951993942e-02
1.508826389908790588e-02
1.507548987865447998e-02
1.504538394510746002e-02
1.496049109846353531e-02
1.507282350212335587e-02
1.507823076099157333e-02
1.516196876764297485e-02
1.504571270197629929e-02
1.505456771701574326e-02
1.529861986637115479e-02
1.520343311131000519e-02
1.493482571095228195e-02
1.515947468578815460e-02
1.494513545185327530e-02
1.521336659789085388e-02
1.518400013446807861e-02
1.515417266637086868e-02
1.520198583602905273e-02
1.526043936610221863e-02
1.510496903210878372e-02
1.501198019832372665e-02
1.524695195257663727e-02
1.507493760436773300e-02
1.489023491740226746e-02
1.505063381046056747e-02
1.520907692611217499e-02
1.520505547523498535e-02
1.499825809150934219e-02
1.529724709689617157e-02
1.503327582031488419e-02
1.496123801916837692e-02
1.531148701906204224e-02
1.508303359150886536e-02
1.499970629811286926e-02
1.501203328371047974e-02
1.518383715301752090e-02
1.517284102737903595e-02
1.511533465236425400e-02
1.501210406422615051e-02
1.515883300453424454e-02
1.509846746921539307e-02
1.523028686642646790e-02
1.495606079697608948e-02
1.505380310118198395e-02
1.509016752243041992e-02
1.522555574774742126e-02
1.499596610665321350e-02
1.500945072621107101e-02
1.511751301586627960e-02
1.504348032176494598e-02
1.503014843910932541e-02
1.512579526752233505e-02
1.525485049933195114e-02
1.521142013370990753e-02
1.533562503755092621e-02
1.517833862453699112e-02
1.525210402905941010e-02
1.508781034499406815e-02
1.502629462629556656e-02
1.494715828448534012e-02
1.502248831093311310e-02
1.524288766086101532e-02
1.507807523012161255e-02
1.499627251178026199e-02
1.514190342277288437e-02
1.506935618817806244e-02
1.500758342444896698e-02
1.515209302306175232e-02
1.515217963606119156e-02
1.506588980555534363e-02
1.503478176891803741e-02
1.502331998199224472e-02
1.518523320555686951e-02
1.516370195895433426e-02
1.524612773209810257e-02
1.521190721541643143e-02
1.508577540516853333e-02
1.498129032552242279e-02
1.519670523703098297e-02
1.514568738639354706e-02
1.497266441583633423e-02
1.515280548483133316e-02
1.504454109817743301e-02
1.500770729035139084e-02
1.507387124001979828e-02
1.528055779635906219e-02
1.494150701910257339e-02
1.510073803365230560e-02
1.483465638011693954e-02
1.501868385821580887e-02
1.511103380471467972e-02
1.512018591165542603e-02
1.508728694170713425e-02
1.501645613461732864e-02
1.521743461489677429e-02
1.531924959272146225e-02
1.486056298017501831e-02
1.507331524044275284e-02
1.509967446327209473e-02
1.528949011117219925e-02
1.515152398496866226e-02
1.509908307343721390e-02
1.520512718707323074e-02
1.509232632815837860e-02
1.498726941645145416e-02
1.518396195024251938e-02
1.516196317970752716e-02
1.495321933180093765e-02
1.495516858994960785e-02
1.512071676552295685e-02
1.524065434932708740e-02
1.517468877136707306e-02
1.509531680494546890e-02
1.500372495502233505e-02
1.514409948140382767e-02
1.506419479846954346e-02
1.494744233787059784e-02
1.507370639592409134e-02
1.520880404859781265e-02
1.505681686103343964e-02
1.504056528210639954e-02
1.515060290694236755e-02
1.499804016202688217e-02
1.509561203420162201e-02
1.502763107419013977e-02
1.490688510239124298e-02
1.515619922429323196e-02
1.497445814311504364e-02
1.510746590793132782e-02
1.505049038678407669e-02
1.509348396211862564e-02
1.506165787577629089e-02
1.515940204262733459e-02
1.503947842866182327e-02
1.509424299001693726e-02
1.508500985801219940e-02
1.506303437054157257e-02
1.499550417065620422e-02
1.511031761765480042e-02
1.519126817584037781e-02
1.507675927132368088e-02
1.504963170737028122e-02
1.514349877834320068e-02
1.503853872418403625e-02
1.499137561768293381e-02
1.507420558482408524e-02
1.498307380825281143e-02
1.515571586787700653e-02
1.491462253034114838e-02
1.505637355148792267e-02
1.513940095901489258e-02
1.511996332556009293e-02
1.522246003150939941e-02
1.502192858606576920e-02
1.507575064897537231e-02
1.512021385133266449e-02
1.515795290470123291e-02
1.507044397294521332e-02
1.501480489969253540e-02
1.505997218191623688e-02
1.508222892880439758e-02
1.521627604961395264e-02
1.520228106528520584e-02
1.500917971134185791e-02
1.507995836436748505e-02
1.502807252109050751e-02
1.500789634883403778e-02
1.503764651715755463e-02
1.503767631947994232e-02
1.506841648370027542e-02
1.506759691983461380e-02
1.525702606886625290e-02
1.492709852755069733e-02
1.505676284432411194e-02
1.524579524993896484e-02
1.494450774043798447e-02
1.503133308142423630e-02
1.495584752410650253e-02
1.512211002409458160e-02
1.520376745611429214e-02
1.502652745693922043e-02
1.518178265541791916e-02
1.518282014876604080e-02
1.506417244672775269e-02
1.499819196760654449e-02
1.504138205200433731e-02
1.492130663245916367e-02
1.504478510469198227e-02
1.507145352661609650e-02
1.486186776310205460e-02
1.500662881880998611e-02
1.508432719856500626e-02
1.511921919882297516e-02
1.501300279051065445e-02
1.515331026166677475e-02
1.497009396553039551e-02
1.504854485392570496e-02
1.506853289902210236e-02
1.497967727482318878e-02
1.498785801231861115e-02
1.508068758994340897e-02
1.502999570220708847e-02
1.523530203849077225e-02
1.512210536748170853e-02
1.502099260687828064e-02
1.511365734040737152e-02
1.494304835796356201e-02
1.514447759836912155e-02
1.494850963354110718e-02
1.503472123295068741e-02
1.522989384829998016e-02
1.509669329971075058e-02
1.529511623084545135e-02
1.504156645387411118e-02
1.509207580238580704e-02
1.493369136005640030e-02
1.509143784642219543e-02
1.503459922969341278e-02
1.498339604586362839e-02
1.504263002425432205e-02
1.527266763150691986e-02
1.511534024029970169e-02
1.522162277251482010e-02
1.506989262998104095e-02
1.511373557150363922e-02
1.507265679538249969e-02
1.494623720645904541e-02
1.502812840044498444e-02
1.511911116540431976e-02
1.502714492380619049e-02
1.490854658186435699e-02
1.512604951858520508e-02
1.512140408158302307e-02
1.503742393106222153e-02
1.496431510895490646e-02
1.502149458974599838e-02
1.512309815734624863e-02
1.507431920617818832e-02
1.503671053797006607e-02
1.511365920305252075e-02
1.501822937279939651e-02
1.512047741562128067e-02
1.525496877729892731e-02
1.494798995554447174e-02
1.516496762633323669e-02
1.506848633289337158e-02
1.500532496720552444e-02
1.513504609465599060e-02
1.513879373669624329e-02
1.510599628090858459e-02
1.506432425230741501e-02
1.500658225268125534e-02
1.512775756418704987e-02
1.512002944946289062e-02
1.495794765651226044e-02
1.503397896885871887e-02
1.517465431243181229e-02
1.491229888051748276e-02
1.500459015369415283e-02
1.504813972860574722e-02
1.519604865461587906e-02
1.503952313214540482e-02
1.500729564577341080e-02
1.505351904779672623e-02
1.496672257781028748e-02
1.498994510620832443e-02
1.498528663069009781e-02
1.505626086145639420e-02
1.513553876429796219e-02
1.502379588782787323e-02
1.518003735691308975e-02
1.505750138312578201e-02
1.503997668623924255e-02
1.522334758192300797e-02
1.508930511772632599e-02
1.513129938393831253e-02
1.527910307049751282e-02
1.498692762106657028e-02
1.506368070840835571e-02
1.510283444076776505e-02
1.502916868776082993e-02
1.511880010366439819e-02
1.521793473511934280e-02
1.508449483662843704e-02
1.515650376677513123e-02
1.503451541066169739e-02
1.505217701196670532e-02
1.505722012370824814e-02
1.504666823893785477e-02
1.506127137690782547e-02
1.498269475996494293e-02
1.506981719285249710e-02
1.523418910801410675e-02
1.511498261243104935e-02
1.499629020690917969e-02
1.511045638471841812e-02
1.522392500191926956e-02
1.497563440352678299e-02
1.503336802124977112e-02
1.515865419059991837e-02
1.503371074795722961e-02
1.512795872986316681e-02
1.524254586547613144e-02
1.521538756787776947e-02
1.507805567234754562e-02
1.505291555076837540e-02
1.517750043421983719e-02
1.513627357780933380e-02
1.517067104578018188e-02
1.510481536388397217e-02
1.500121597200632095e-02
1.501409057527780533e-02
1.516669802367687225e-02
1.507100276648998260e-02
1.508263684809207916e-02
1.499926205724477768e-02
1.508270855993032455e-02
1.531296968460083008e-02
1.496302336454391479e-02
1.497791055589914322e-02
1.493712421506643295e-02
1.514880731701850891e-02
1.503050886094570160e-02
1.506955083459615707e-02
1.522264722734689713e-02
1.510374993085861206e-02
1.509237103164196014e-02
1.519591547548770905e-02
1.513001322746276855e-02
1.500468235462903976e-02
1.506692171096801758e-02
1.504453737288713455e-02
1.498703658580780029e-02
1.516790315508842468e-02
1.499201636761426926e-02
1.499940827488899231e-02
1.501100044697523117e-02
1.523011550307273865e-02
1.517770998179912567e-02
1.512226555496454239e-02
1.516722980886697769e-02
1.523834094405174255e-02
1.512470189481973648e-02
1.509890891611576080e-02
1.513755880296230316e-02
1.504081115126609802e-02
1.500473171472549438e-02
1.502490043640136719e-02
1.502859313040971756e-02
1.513120532035827637e-02
1.513284165412187576e-02
1.513806916773319244e-02
1.506055053323507309e-02
1.510961912572383881e-02
1.513233315199613571e-02
1.501914951950311661e-02
1.503041293472051620e-02
1.513913273811340332e-02
1.526867691427469254e-02
1.507449708878993988e-02
1.505432836711406708e-02
1.514464989304542542e-02
1.508124358952045441e-02
1.506793033331632614e-02
1.517623290419578552e-02
1.507603470236063004e-02
1.511921640485525131e-02
1.496679708361625671e-02
1.497593708336353302e-02
1.507959421724081039e-02
1.515029184520244598e-02
1.506173610687255859e-02
1.511357817798852921e-02
1.512156706303358078e-02
1.516069471836090088e-02
1.503860019147396088e-02
1.504752226173877716e-02
1.539269089698791504e-02
1.500090584158897400e-02
1.518798153847455978e-02
1.515049114823341370e-02
1.505193766206502914e-02
1.506888214498758316e-02
1.508818287402391434e-02
1.518707536160945892e-02
1.498855836689472198e-02
1.493086572736501694e-02
1.513080298900604248e-02
1.515038777142763138e-02
1.495626568794250488e-02
1.502236258238554001e-02
1.520631927996873856e-02
1.508107315748929977e-02
1.522975694388151169e-02
1.512453611940145493e-02
1.517436094582080841e-02
1.513903960585594177e-02
1.506117172539234161e-02
1.518186088651418686e-02
1.519941911101341248e-02
1.527719944715499878e-02
1.507602259516716003e-02
1.503395196050405502e-02
1.508369296789169312e-02
1.516265608370304108e-02
1.505187992006540298e-02
1.507289987057447433e-02
1.513815391808748245e-02
1.519883330911397934e-02
1.510467380285263062e-02
1.525645144283771515e-02
1.508380193263292313e-02
1.505976263433694839e-02
1.524484530091285706e-02
1.511195302009582520e-02
1.510637905448675156e-02
1.500344090163707733e-02
1.505027804523706436e-02
1.517062634229660034e-02
1.507086213678121567e-02
1.514903455972671509e-02
1.523995492607355118e-02
1.513404399156570435e-02
1.499772723764181137e-02
1.500917971134185791e-02
1.505185570567846298e-02
1.502316072583198547e-02
1.518770959228277206e-02
1.507264282554388046e-02
1.521367859095335007e-02
1.510425843298435211e-02
1.514299400150775909e-02
1.523243449628353119e-02
1.508710626512765884e-02
1.507611665874719620e-02
1.505144033581018448e-02
1.500904373824596405e-02
1.501820236444473267e-02
1.506640110164880753e-02
1.525015290826559067e-02
1.513412687927484512e-02
1.502226945012807846e-02
1.522827986627817154e-02
1.505316980183124542e-02
1.530272886157035828e-02
1.511018257588148117e-02
1.522728707641363144e-02
1.507484354078769684e-02
1.514198724180459976e-02
1.514680217951536179e-02
1.517784316092729568e-02
1.502682920545339584e-02
1.525805797427892685e-02
1.519549731165170670e-02
1.500689890235662460e-02
1.511922385543584824e-02
1.530053932219743729e-02
1.501366775482892990e-02
1.527755055576562881e-02
1.509662438184022903e-02
1.509811449795961380e-02
1.519023254513740540e-02
1.527548488229513168e-02
1.515014097094535828e-02
1.526969671249389648e-02
1.503782998770475388e-02
1.520711742341518402e-02
1.518136821687221527e-02
1.520992629230022430e-02
1.510148495435714722e-02
1.509417966008186340e-02
1.517609134316444397e-02
1.506971288472414017e-02
1.500622555613517761e-02
1.523647177964448929e-02
1.508206594735383987e-02
1.517455466091632843e-02
1.505337469279766083e-02
1.518036425113677979e-02
1.509870868176221848e-02
1.509310025721788406e-02
1.513545215129852295e-02
1.503062807023525238e-02
1.530897896736860275e-02
1.519753877073526382e-02
1.514293998479843140e-02
1.515296194702386856e-02
1.506556756794452667e-02
1.515167392790317535e-02
1.514321193099021912e-02
1.523082889616489410e-02
1.497765723615884781e-02
1.512770354747772217e-02
1.511392462998628616e-02
1.507922075688838959e-02
1.525263674557209015e-02
1.507058553397655487e-02
1.531252358108758926e-02
1.530570816248655319e-02
1.509594451636075974e-02
1.515964232385158539e-02
1.516486518085002899e-02
1.507812086492776871e-02
1.512487977743148804e-02
1.510671805590391159e-02
1.533012930303812027e-02
1.501400209963321686e-02
1.506973337382078171e-02
1.513290219008922577e-02
1.515937037765979767e-02
1.506045181304216385e-02
1.516888197511434555e-02
1.502406410872936249e-02
1.520107686519622803e-02
1.517456118017435074e-02
1.520024053752422333e-02
1.514240447431802750e-02
1.512957178056240082e-02
1.509610749781131744e-02
1.526074018329381943e-02
1.503380946815013885e-02
1.505332160741090775e-02
1.511984877288341522e-02
1.517662499099969864e-02
1.518242992460727692e-02
1.511603128165006638e-02
1.518779061734676361e-02
1.511457841843366623e-02
1.538319978863000870e-02
1.519436854869127274e-02
1.512868981808423996e-02
1.526132412254810333e-02
