1.445678901672363281e+01
2.399480581283569336e+00
1.099637866020202637e+00
7.763538956642150879e-01
6.459127664566040039e-01
5.888740420341491699e-01
5.732052922248840332e-01
5.507013797760009766e-01
5.020565986633300781e-01
4.996265470981597900e-01
4.779709875583648682e-01
4.706518948078155518e-01
4.593632519245147705e-01
4.518093168735504150e-01
4.229908585548400879e-01
4.428356885910034180e-01
4.322029948234558105e-01
4.390638172626495361e-01
4.035895764827728271e-01
4.035128951072692871e-01
4.014197885990142822e-01
4.021611809730529785e-01
3.805752694606781006e-01
3.623493611812591553e-01
1.077030420303344727e+00
4.690683186054229736e-01
4.018151462078094482e-01
3.754974603652954102e-01
3.575156927108764648e-01
3.641881942749023438e-01
3.494063317775726318e-01
3.432151377201080322e-01
3.377494215965270996e-01
3.484229743480682373e-01
3.319990634918212891e-01
3.212327659130096436e-01
3.293331563472747803e-01
3.119688630104064941e-01
3.344904780387878418e-01
3.165094554424285889e-01
3.091484606266021729e-01
2.974980175495147705e-01
2.914483547210693359e-01
2.886742651462554932e-01
2.795671522617340088e-01
2.889515459537506104e-01
2.768777608871459961e-01
2.717655897140502930e-01
2.583469450473785400e-01
2.584483027458190918e-01
2.475478649139404297e-01
2.577624320983886719e-01
2.459425777196884155e-01
2.398337274789810181e-01
2.361865043640136719e-01
2.462437450885772705e-01
2.410165667533874512e-01
2.497343122959136963e-01
2.229908257722854614e-01
2.321766763925552368e-01
2.164013832807540894e-01
2.004822641611099243e-01
2.172259837388992310e-01
2.087517380714416504e-01
2.104970812797546387e-01
2.075466662645339966e-01
2.142236828804016113e-01
2.914013564586639404e-01
1.976356506347656250e-01
1.967909038066864014e-01
1.891973465681076050e-01
1.882921755313873291e-01
1.908783167600631714e-01
1.914558410644531250e-01
2.025963217020034790e-01
1.816026568412780762e-01
1.822074949741363525e-01
1.793606877326965332e-01
1.929722428321838379e-01
1.727520972490310669e-01
2.041699439287185669e-01
1.719923317432403564e-01
1.849097609519958496e-01
1.866791099309921265e-01
1.688285022974014282e-01
1.678661108016967773e-01
1.711244583129882812e-01
1.671513020992279053e-01
4.021036624908447266e-01
2.757430970668792725e-01
1.965391784906387329e-01
1.862223893404006958e-01
1.714652776718139648e-01
1.647170335054397583e-01
1.675640493631362915e-01
1.702640950679779053e-01
1.653751283884048462e-01
1.543863564729690552e-01
1.591056883335113525e-01
1.633817851543426514e-01
1.445066928863525391e-01
1.486484259366989136e-01
1.525598168373107910e-01
1.494663357734680176e-01
1.552029997110366821e-01
1.482712775468826294e-01
1.484703719615936279e-01
1.725216954946517944e-01
1.477135717868804932e-01
1.461588889360427856e-01
1.447602361440658569e-01
1.496843099594116211e-01
1.326103657484054565e-01
1.418286263942718506e-01
1.379437148571014404e-01
1.403516530990600586e-01
1.370822787284851074e-01
1.465759873390197754e-01
1.419234275817871094e-01
1.352739036083221436e-01
1.355109661817550659e-01
1.310521215200424194e-01
1.343306303024291992e-01
1.377290189266204834e-01
1.353029310703277588e-01
1.313019543886184692e-01
1.369735002517700195e-01
1.357972621917724609e-01
1.363359540700912476e-01
1.303540021181106567e-01
1.417700946331024170e-01
1.269575357437133789e-01
1.398963034152984619e-01
1.233561560511589050e-01
1.432256698608398438e-01
1.213059201836585999e-01
1.302005648612976074e-01
1.195049732923507690e-01
1.171079576015472412e-01
1.213395148515701294e-01
1.237798184156417847e-01
1.173877194523811340e-01
1.142555251717567444e-01
1.134792640805244446e-01
1.142879649996757507e-01
1.169753670692443848e-01
1.152181699872016907e-01
1.151478216052055359e-01
1.099154129624366760e-01
1.283562630414962769e-01
1.159314364194869995e-01
1.118502840399742126e-01
1.073859259486198425e-01
1.175635308027267456e-01
1.145585030317306519e-01
1.102279275655746460e-01
1.092347875237464905e-01
1.122850477695465088e-01
1.105621457099914551e-01
1.050636246800422668e-01
1.155056059360504150e-01
1.100472360849380493e-01
1.090319976210594177e-01
1.157324686646461487e-01
1.119904443621635437e-01
1.108837127685546875e-01
1.100634187459945679e-01
1.094949021935462952e-01
1.055719628930091858e-01
1.024157628417015076e-01
1.166917905211448669e-01
1.167735382914543152e-01
1.015509217977523804e-01
1.066158264875411987e-01
1.048798635601997375e-01
1.052779853343963623e-01
1.103741154074668884e-01
1.068821698427200317e-01
1.068334877490997314e-01
1.024091541767120361e-01
1.044042557477951050e-01
1.006624624133110046e-01
1.021481528878211975e-01
9.227937459945678711e-02
1.014873310923576355e-01
9.663826972246170044e-02
9.890983998775482178e-02
1.046249791979789734e-01
1.059331968426704407e-01
1.007129624485969543e-01
1.003068983554840088e-01
9.659658372402191162e-02
9.618709981441497803e-02
9.606654942035675049e-02
9.983148425817489624e-02
1.069411560893058777e-01
9.658668935298919678e-02
1.032649576663970947e-01
1.005065441131591797e-01
9.158136695623397827e-02
1.010081991553306580e-01
9.343722462654113770e-02
9.297829121351242065e-02
8.923387527465820312e-02
9.003099054098129272e-02
9.599304944276809692e-02
9.609868377447128296e-02
8.931633830070495605e-02
9.435492753982543945e-02
9.004097431898117065e-02
9.263698756694793701e-02
9.116365015506744385e-02
9.163828194141387939e-02
9.355601668357849121e-02
9.000260382890701294e-02
9.378246963024139404e-02
9.685751050710678101e-02
9.294097870588302612e-02
1.062474921345710754e-01
9.615775197744369507e-02
8.742792904376983643e-02
8.894842863082885742e-02
9.362280368804931641e-02
8.559896051883697510e-02
8.988173305988311768e-02
8.747290074825286865e-02
8.645210415124893188e-02
9.416828304529190063e-02
9.215815365314483643e-02
9.268190711736679077e-02
8.855161815881729126e-02
9.156303107738494873e-02
8.816221356391906738e-02
8.867495507001876831e-02
8.695868402719497681e-02
8.653936535120010376e-02
8.400955051183700562e-02
9.177330881357192993e-02
9.687971323728561401e-02
9.039823710918426514e-02
8.342874050140380859e-02
8.538606762886047363e-02
9.067637473344802856e-02
9.185082465410232544e-02
8.640906214714050293e-02
7.819213718175888062e-02
8.056557923555374146e-02
7.851382344961166382e-02
8.477528393268585205e-02
8.460491895675659180e-02
8.772955089807510376e-02
8.218138664960861206e-02
7.744827121496200562e-02
8.050520718097686768e-02
8.799044787883758545e-02
8.515227586030960083e-02
7.955285906791687012e-02
8.185254782438278198e-02
8.134862780570983887e-02
8.124211430549621582e-02
7.978677004575729370e-02
8.338634669780731201e-02
8.057327568531036377e-02
8.123269677162170410e-02
8.144149929285049438e-02
7.784096896648406982e-02
8.201074600219726562e-02
8.495660126209259033e-02
8.119172602891921997e-02
7.749418169260025024e-02
7.993865013122558594e-02
7.782449573278427124e-02
7.721339911222457886e-02
8.201304078102111816e-02
8.003360033035278320e-02
8.088127523660659790e-02
7.924572378396987915e-02
7.737992703914642334e-02
7.795557379722595215e-02
7.774023711681365967e-02
7.704570144414901733e-02
7.701515406370162964e-02
7.596907764673233032e-02
7.884671539068222046e-02
7.846598327159881592e-02
7.810080051422119141e-02
7.234539091587066650e-02
7.958537340164184570e-02
7.540251314640045166e-02
7.603760063648223877e-02
7.575269788503646851e-02
7.473108172416687012e-02
7.852662354707717896e-02
7.598815858364105225e-02
8.312170952558517456e-02
7.339861989021301270e-02
7.201601564884185791e-02
7.862406969070434570e-02
7.537837326526641846e-02
7.606880366802215576e-02
8.031100779771804810e-02
7.261363416910171509e-02
7.294166833162307739e-02
7.502537220716476440e-02
7.359537482261657715e-02
7.196695357561111450e-02
7.289848476648330688e-02
7.364673167467117310e-02
7.477938383817672729e-02
7.471921294927597046e-02
7.263357937335968018e-02
7.424480468034744263e-02
7.234302908182144165e-02
7.432755082845687866e-02
7.437618076801300049e-02
7.560957223176956177e-02
7.283306866884231567e-02
7.209526747465133667e-02
7.010845094919204712e-02
7.137279212474822998e-02
7.013207674026489258e-02
7.176073640584945679e-02
7.297324389219284058e-02
6.899059563875198364e-02
6.888097524642944336e-02
7.127261906862258911e-02
7.153816521167755127e-02
7.086948305368423462e-02
7.109316438436508179e-02
7.365462929010391235e-02
7.305710762739181519e-02
6.734792888164520264e-02
6.987600773572921753e-02
7.047864049673080444e-02
7.057362794876098633e-02
7.143589109182357788e-02
6.731771677732467651e-02
6.921090185642242432e-02
6.777338683605194092e-02
7.070400565862655640e-02
6.939316540956497192e-02
6.770487874746322632e-02
6.483303755521774292e-02
6.849078088998794556e-02
6.841398030519485474e-02
6.743025034666061401e-02
7.059106230735778809e-02
6.487312912940979004e-02
7.127626240253448486e-02
6.862685829401016235e-02
7.016235589981079102e-02
6.606305390596389771e-02
6.876770406961441040e-02
6.621110439300537109e-02
6.666418164968490601e-02
7.008952647447586060e-02
6.417772173881530762e-02
6.662057340145111084e-02
6.747071444988250732e-02
6.678340584039688110e-02
7.183292508125305176e-02
6.965510547161102295e-02
6.636202335357666016e-02
6.544143706560134888e-02
6.724208593368530273e-02
6.604296714067459106e-02
6.528938561677932739e-02
6.734614074230194092e-02
6.451530754566192627e-02
6.706155091524124146e-02
6.730187684297561646e-02
6.530354917049407959e-02
6.477656215429306030e-02
6.294199824333190918e-02
6.240663677453994751e-02
6.545915454626083374e-02
6.603705883026123047e-02
6.611676514148712158e-02
6.459465622901916504e-02
6.808807700872421265e-02
6.393570452928543091e-02
6.475479900836944580e-02
5.922541394829750061e-02
7.150866091251373291e-02
6.823502480983734131e-02
6.363721191883087158e-02
6.393903493881225586e-02
6.265830993652343750e-02
6.429118663072586060e-02
6.357382237911224365e-02
6.384154409170150757e-02
6.340558081865310669e-02
6.748440861701965332e-02
6.264133006334304810e-02
6.415496021509170532e-02
6.401030719280242920e-02
6.221464648842811584e-02
6.379430741071701050e-02
6.182354688644409180e-02
6.283184885978698730e-02
6.169402599334716797e-02
6.565856188535690308e-02
6.354891508817672729e-02
6.108571588993072510e-02
6.159260869026184082e-02
6.123647838830947876e-02
6.337575614452362061e-02
6.354838609695434570e-02
6.277447193861007690e-02
6.355598568916320801e-02
6.246938183903694153e-02
6.050072237849235535e-02
6.093453615903854370e-02
6.317184120416641235e-02
6.016545742750167847e-02
6.388323754072189331e-02
6.207602471113204956e-02
6.043582782149314880e-02
6.022157520055770874e-02
6.288568675518035889e-02
6.132573261857032776e-02
6.015772372484207153e-02
5.836512148380279541e-02
6.075130775570869446e-02
6.012595817446708679e-02
5.975089594721794128e-02
5.767358466982841492e-02
5.971403047442436218e-02
5.949683114886283875e-02
6.171431392431259155e-02
5.719545483589172363e-02
5.887738242745399475e-02
5.980952084064483643e-02
6.025266647338867188e-02
5.731408298015594482e-02
5.926117300987243652e-02
5.781922116875648499e-02
6.270664930343627930e-02
5.974240601062774658e-02
5.741487443447113037e-02
5.996643379330635071e-02
5.891291424632072449e-02
6.036635115742683411e-02
5.673264712095260620e-02
6.079405546188354492e-02
5.814689770340919495e-02
5.684895813465118408e-02
5.942801758646965027e-02
5.627094581723213196e-02
5.833256989717483521e-02
5.334588885307312012e-02
5.719032511115074158e-02
5.988455191254615784e-02
5.822024121880531311e-02
5.685444176197052002e-02
5.636326223611831665e-02
5.887100100517272949e-02
5.644953623414039612e-02
5.753311514854431152e-02
5.761092528700828552e-02
5.791199207305908203e-02
5.662047863006591797e-02
5.741748586297035217e-02
5.919210612773895264e-02
5.959937348961830139e-02
5.592585727572441101e-02
5.769453197717666626e-02
5.614664778113365173e-02
5.563354864716529846e-02
5.632219091057777405e-02
5.819791927933692932e-02
5.386709794402122498e-02
5.547540634870529175e-02
5.633583664894104004e-02
5.616417527198791504e-02
5.624347180128097534e-02
5.558947101235389709e-02
5.740375444293022156e-02
5.680917575955390930e-02
5.608004704117774963e-02
5.551836639642715454e-02
5.405475199222564697e-02
5.796426162123680115e-02
5.416567251086235046e-02
5.682509392499923706e-02
5.680880323052406311e-02
5.357171967625617981e-02
5.663839727640151978e-02
5.534679815173149109e-02
5.484396219253540039e-02
5.436662584543228149e-02
5.461411550641059875e-02
5.348814278841018677e-02
5.695435032248497009e-02
5.388791486620903015e-02
5.480128154158592224e-02
5.434551835060119629e-02
5.420223623514175415e-02
5.362751707434654236e-02
5.211513489484786987e-02
5.554574355483055115e-02
5.363779887557029724e-02
5.378755554556846619e-02
5.517451092600822449e-02
5.246721953153610229e-02
5.246904864907264709e-02
5.706833675503730774e-02
5.522266775369644165e-02
5.306939780712127686e-02
5.315177515149116516e-02
5.417025089263916016e-02
5.285084620118141174e-02
5.410891771316528320e-02
5.325233936309814453e-02
5.408132448792457581e-02
5.282505974173545837e-02
5.333689600229263306e-02
5.255215615034103394e-02
5.333785712718963623e-02
5.470460280776023865e-02
5.062440410256385803e-02
5.257929116487503052e-02
5.310123786330223083e-02
5.243726447224617004e-02
5.148615688085556030e-02
5.138802900910377502e-02
5.083765834569931030e-02
5.409048870205879211e-02
5.168240889906883240e-02
5.364723503589630127e-02
5.280450731515884399e-02
5.369146540760993958e-02
5.259830132126808167e-02
5.185494944453239441e-02
5.172060430049896240e-02
5.401869863271713257e-02
5.297094210982322693e-02
5.249768868088722229e-02
5.185708776116371155e-02
5.320303514599800110e-02
5.157354101538658142e-02
5.074491724371910095e-02
5.088025704026222229e-02
5.115939304232597351e-02
5.124530568718910217e-02
5.219931900501251221e-02
5.078494921326637268e-02
5.101432278752326965e-02
5.099309980869293213e-02
5.252274498343467712e-02
5.152759328484535217e-02
5.261697247624397278e-02
4.966003075242042542e-02
5.171049013733863831e-02
5.123150348663330078e-02
4.980929195880889893e-02
5.206485465168952942e-02
4.948244988918304443e-02
5.137058719992637634e-02
5.041483417153358459e-02
5.007141828536987305e-02
4.956192895770072937e-02
5.022449418902397156e-02
5.051526799798011780e-02
4.984144866466522217e-02
4.978417605161666870e-02
5.046955496072769165e-02
4.989710822701454163e-02
4.823924601078033447e-02
4.807738959789276123e-02
5.011014267802238464e-02
4.838775470852851868e-02
4.901757836341857910e-02
4.962508752942085266e-02
4.786490276455879211e-02
4.879851266741752625e-02
4.944504797458648682e-02
5.016609653830528259e-02
5.055689439177513123e-02
5.043524503707885742e-02
4.913496971130371094e-02
4.838161543011665344e-02
4.717948287725448608e-02
4.740799590945243835e-02
4.814192652702331543e-02
4.834290221333503723e-02
4.863304272294044495e-02
4.969902336597442627e-02
4.776436462998390198e-02
4.946488514542579651e-02
4.839077591896057129e-02
4.944439604878425598e-02
4.893066734075546265e-02
4.960533231496810913e-02
4.853369668126106262e-02
4.788173362612724304e-02
4.770091176033020020e-02
4.800432175397872925e-02
4.802416265010833740e-02
4.873526468873023987e-02
4.894281923770904541e-02
4.652716219425201416e-02
4.796697199344635010e-02
4.848763719201087952e-02
4.729229584336280823e-02
4.698615521192550659e-02
4.754810035228729248e-02
4.846263304352760315e-02
4.795420914888381958e-02
4.657684639096260071e-02
4.666297510266304016e-02
4.643056169152259827e-02
4.671397432684898376e-02
4.825180768966674805e-02
4.754846915602684021e-02
4.728126898407936096e-02
4.734404385089874268e-02
4.672233387827873230e-02
4.720879718661308289e-02
4.614619910717010498e-02
4.625319316983222961e-02
4.661752283573150635e-02
4.749386385083198547e-02
4.679836705327033997e-02
4.603741690516471863e-02
4.651610925793647766e-02
4.604892805218696594e-02
4.775143414735794067e-02
4.594718664884567261e-02
4.830051958560943604e-02
4.683403670787811279e-02
4.679467901587486267e-02
4.691847786307334900e-02
4.714114591479301453e-02
4.597863927483558655e-02
4.610464349389076233e-02
4.456894472241401672e-02
4.698543250560760498e-02
4.732376709580421448e-02
4.635062068700790405e-02
4.594257846474647522e-02
4.598770290613174438e-02
4.447289556264877319e-02
4.739636927843093872e-02
4.622624441981315613e-02
4.640917852520942688e-02
4.579601064324378967e-02
4.527135565876960754e-02
4.530105367302894592e-02
4.622482508420944214e-02
4.587088525295257568e-02
4.275818169116973877e-02
4.474590718746185303e-02
4.478375241160392761e-02
4.456469416618347168e-02
4.529913887381553650e-02
4.538485035300254822e-02
4.556591808795928955e-02
4.545091837644577026e-02
4.396628960967063904e-02
4.456394538283348083e-02
4.456960782408714294e-02
4.425898194313049316e-02
4.472940787672996521e-02
4.608080163598060608e-02
4.491839557886123657e-02
4.459148272871971130e-02
4.570562392473220825e-02
4.334466159343719482e-02
4.566162824630737305e-02
4.437629133462905884e-02
4.370672255754470825e-02
4.502915218472480774e-02
4.333094507455825806e-02
4.414895921945571899e-02
4.467612877488136292e-02
4.423335194587707520e-02
4.641289636492729187e-02
4.325458407402038574e-02
4.338809475302696228e-02
4.347124695777893066e-02
4.360159859061241150e-02
4.353189095854759216e-02
4.273961111903190613e-02
4.326790943741798401e-02
4.328964650630950928e-02
4.357991367578506470e-02
4.379560798406600952e-02
4.373546317219734192e-02
4.296126216650009155e-02
4.456455260515213013e-02
4.441742226481437683e-02
4.339839518070220947e-02
4.323403909802436829e-02
4.405039921402931213e-02
4.238725081086158752e-02
4.327072203159332275e-02
4.363513365387916565e-02
4.307328164577484131e-02
4.359649494290351868e-02
4.567979648709297180e-02
4.316189140081405640e-02
4.236991703510284424e-02
4.187054932117462158e-02
4.353133961558341980e-02
4.219720885157585144e-02
4.426763951778411865e-02
4.170157387852668762e-02
4.305434226989746094e-02
4.283209517598152161e-02
4.398668557405471802e-02
4.214964061975479126e-02
4.175164550542831421e-02
4.359965026378631592e-02
4.312901943922042847e-02
4.226938635110855103e-02
4.189065843820571899e-02
4.198227822780609131e-02
4.200258851051330566e-02
4.217779263854026794e-02
4.276390001177787781e-02
4.179256409406661987e-02
4.116651788353919983e-02
4.049695655703544617e-02
4.142572730779647827e-02
4.252418875694274902e-02
4.146067798137664795e-02
4.227091744542121887e-02
4.101128876209259033e-02
4.308564960956573486e-02
4.243981838226318359e-02
4.132589325308799744e-02
4.217447340488433838e-02
4.143755882978439331e-02
4.162334278225898743e-02
4.298571497201919556e-02
4.078890010714530945e-02
4.152374714612960815e-02
4.173081740736961365e-02
4.189063236117362976e-02
4.132079705595970154e-02
4.027926176786422729e-02
4.159816727042198181e-02
4.152856022119522095e-02
4.057506099343299866e-02
4.081209376454353333e-02
4.114297777414321899e-02
4.210637137293815613e-02
4.185920208692550659e-02
4.182841256260871887e-02
4.159729927778244019e-02
4.048931971192359924e-02
3.979259356856346130e-02
4.105243459343910217e-02
4.051090404391288757e-02
4.180938750505447388e-02
4.066096618771553040e-02
4.085208475589752197e-02
4.175025224685668945e-02
4.022420942783355713e-02
4.216836392879486084e-02
3.937409445643424988e-02
3.959826380014419556e-02
4.020936042070388794e-02
3.984093666076660156e-02
3.969106823205947876e-02
4.026059061288833618e-02
4.034714400768280029e-02
4.032162576913833618e-02
4.003655165433883667e-02
4.038868471980094910e-02
4.065108299255371094e-02
4.104071483016014099e-02
4.082821682095527649e-02
4.095910489559173584e-02
3.984897211194038391e-02
4.095409810543060303e-02
4.012638702988624573e-02
3.967953473329544067e-02
4.085549712181091309e-02
3.990025445818901062e-02
3.973942250013351440e-02
3.955985605716705322e-02
3.941697627305984497e-02
3.916335105895996094e-02
3.895870596170425415e-02
4.003410786390304565e-02
3.924140334129333496e-02
4.084401205182075500e-02
3.875427320599555969e-02
3.927414491772651672e-02
3.912664204835891724e-02
4.001710563898086548e-02
3.965320438146591187e-02
3.955835103988647461e-02
3.948769718408584595e-02
3.923638537526130676e-02
3.919886052608489990e-02
3.922709822654724121e-02
4.062061011791229248e-02
3.855981305241584778e-02
3.722378239035606384e-02
3.873305395245552063e-02
3.854488208889961243e-02
3.888893872499465942e-02
3.770642355084419250e-02
3.916857391595840454e-02
3.896291553974151611e-02
3.998295590281486511e-02
3.879968822002410889e-02
3.930784016847610474e-02
3.869531303644180298e-02
3.849160671234130859e-02
3.750364482402801514e-02
3.819972276687622070e-02
3.951311483979225159e-02
3.808095678687095642e-02
3.888983279466629028e-02
3.928599506616592407e-02
3.948344290256500244e-02
3.931589424610137939e-02
3.874076157808303833e-02
3.761710599064826965e-02
3.747821599245071411e-02
4.106150195002555847e-02
3.877845406532287598e-02
3.899433836340904236e-02
3.821098804473876953e-02
3.905202448368072510e-02
3.825827315449714661e-02
3.846848011016845703e-02
3.812912106513977051e-02
4.006733372807502747e-02
3.731619194149971008e-02
3.792881965637207031e-02
3.896888345479965210e-02
3.857610747218132019e-02
3.774294257164001465e-02
3.717239201068878174e-02
3.835630789399147034e-02
3.850414976477622986e-02
3.843576088547706604e-02
3.810103982686996460e-02
3.917207941412925720e-02
3.775732591748237610e-02
3.674315288662910461e-02
3.645541518926620483e-02
3.820447251200675964e-02
3.840783983469009399e-02
3.790258988738059998e-02
3.719761595129966736e-02
3.722103312611579895e-02
3.751552477478981018e-02
3.718118742108345032e-02
3.695982694625854492e-02
3.746718913316726685e-02
3.764222189784049988e-02
3.638254106044769287e-02
3.743083775043487549e-02
3.782642260193824768e-02
3.756943345069885254e-02
3.625747188925743103e-02
3.688257187604904175e-02
3.760303184390068054e-02
3.710744902491569519e-02
3.750025480985641479e-02
3.650292381644248962e-02
3.700642660260200500e-02
3.703486546874046326e-02
3.619466722011566162e-02
3.721246495842933655e-02
3.678247332572937012e-02
3.691908344626426697e-02
3.760815411806106567e-02
3.619175404310226440e-02
3.633090481162071228e-02
3.793938457965850830e-02
3.613875433802604675e-02
3.705990687012672424e-02
3.687865287065505981e-02
3.601041063666343689e-02
3.698168322443962097e-02
3.737015277147293091e-02
3.626477718353271484e-02
3.634900599718093872e-02
3.608550131320953369e-02
3.644913807511329651e-02
3.740876913070678711e-02
3.607248514890670776e-02
3.742549940943717957e-02
3.753637894988059998e-02
3.717743977904319763e-02
3.611004352569580078e-02
3.702990710735321045e-02
3.655463829636573792e-02
3.638150542974472046e-02
3.590632230043411255e-02
3.599012270569801331e-02
3.493168577551841736e-02
3.586651012301445007e-02
3.616790100932121277e-02
3.542096540331840515e-02
3.721057251095771790e-02
3.574195876717567444e-02
3.610266000032424927e-02
3.541335090994834900e-02
3.562326729297637939e-02
3.562140837311744690e-02
3.575032204389572144e-02
3.570147231221199036e-02
3.496802598237991333e-02
3.541184961795806885e-02
3.561984375119209290e-02
3.530694544315338135e-02
3.535668179392814636e-02
3.633509203791618347e-02
3.644670918583869934e-02
3.626445308327674866e-02
3.634793311357498169e-02
3.556599840521812439e-02
3.577015176415443420e-02
3.623289987444877625e-02
3.486917540431022644e-02
3.578158468008041382e-02
3.485471382737159729e-02
3.600867092609405518e-02
3.588648885488510132e-02
3.548810258507728577e-02
3.542461246252059937e-02
3.548701480031013489e-02
3.559336438775062561e-02
3.512424230575561523e-02
3.509864583611488342e-02
3.630769625306129456e-02
3.535046428442001343e-02
3.509937226772308350e-02
3.494169935584068298e-02
3.535499423742294312e-02
3.528377786278724670e-02
3.486980870366096497e-02
3.421050310134887695e-02
3.511123359203338623e-02
3.473084419965744019e-02
3.457005694508552551e-02
3.524293750524520874e-02
3.419514745473861694e-02
3.599841520190238953e-02
3.598757833242416382e-02
3.490011394023895264e-02
3.504974022507667542e-02
3.539820760488510132e-02
3.491748869419097900e-02
3.369718790054321289e-02
3.585151582956314087e-02
3.501550108194351196e-02
3.487914428114891052e-02
3.349420055747032166e-02
3.474285453557968140e-02
3.485355526208877563e-02
3.436907753348350525e-02
3.443352133035659790e-02
3.414607793092727661e-02
3.389794752001762390e-02
3.431996330618858337e-02
3.435163199901580811e-02
3.364295512437820435e-02
3.556221351027488708e-02
3.545151278376579285e-02
3.445744514465332031e-02
3.466889262199401855e-02
3.435432165861129761e-02
3.395919501781463623e-02
3.403426334261894226e-02
3.342634811997413635e-02
3.434818983078002930e-02
3.424569219350814819e-02
3.353701531887054443e-02
3.434149920940399170e-02
3.479623794555664062e-02
3.425810113549232483e-02
3.331763297319412231e-02
3.311820328235626221e-02
3.380162268877029419e-02
3.351562842726707458e-02
3.352660685777664185e-02
3.449954092502593994e-02
3.350959345698356628e-02
3.493171930313110352e-02
3.415233641862869263e-02
3.411793336272239685e-02
3.383984416723251343e-02
3.309074416756629944e-02
3.394461423158645630e-02
3.367872536182403564e-02
3.371307998895645142e-02
3.373847529292106628e-02
3.331238403916358948e-02
3.298840671777725220e-02
3.359621763229370117e-02
3.363865613937377930e-02
3.284009918570518494e-02
3.296316042542457581e-02
3.386106714606285095e-02
3.375418856739997864e-02
3.314801678061485291e-02
3.412099182605743408e-02
3.331286087632179260e-02
3.250592574477195740e-02
3.452206403017044067e-02
3.344651311635971069e-02
3.425744548439979553e-02
3.261501714587211609e-02
3.329592570662498474e-02
3.492908924818038940e-02
3.353051096200942993e-02
3.329668939113616943e-02
3.300765156745910645e-02
3.393660485744476318e-02
3.212985768914222717e-02
3.386255353689193726e-02
3.314118087291717529e-02
3.423939645290374756e-02
3.304104134440422058e-02
3.298028558492660522e-02
3.288155049085617065e-02
3.353653103113174438e-02
3.370726481080055237e-02
3.370695188641548157e-02
3.339629620313644409e-02
3.283187374472618103e-02
3.314386308193206787e-02
3.268744796514511108e-02
3.278532251715660095e-02
3.345192968845367432e-02
3.268375247716903687e-02
3.244956955313682556e-02
3.267417848110198975e-02
3.304012864828109741e-02
3.274656832218170166e-02
3.326104953885078430e-02
3.451082482933998108e-02
3.327875956892967224e-02
3.266099095344543457e-02
3.210185095667839050e-02
3.293365985155105591e-02
3.287495672702789307e-02
3.301263973116874695e-02
3.245358541607856750e-02
3.202528879046440125e-02
3.302165120840072632e-02
3.245072066783905029e-02
3.221045434474945068e-02
3.148965910077095032e-02
3.219155967235565186e-02
3.294739127159118652e-02
3.243793174624443054e-02
3.298414126038551331e-02
3.240228816866874695e-02
3.401426225900650024e-02
3.356098756194114685e-02
3.249751403927803040e-02
3.271591663360595703e-02
3.216319158673286438e-02
3.245748952031135559e-02
3.179522603750228882e-02
3.214635699987411499e-02
3.178112581372261047e-02
3.303668275475502014e-02
3.328823670744895935e-02
3.187514469027519226e-02
3.196969628334045410e-02
3.210499137639999390e-02
3.144140169024467468e-02
3.215647861361503601e-02
3.235195949673652649e-02
3.289958089590072632e-02
3.181470185518264771e-02
3.208532556891441345e-02
3.164616227149963379e-02
3.194985911250114441e-02
3.116231411695480347e-02
3.192042559385299683e-02
3.200656175613403320e-02
3.153798356652259827e-02
3.109938278794288635e-02
3.201990202069282532e-02
3.150247782468795776e-02
3.180015459656715393e-02
3.199594840407371521e-02
3.183088079094886780e-02
3.192281350493431091e-02
3.032320924103260040e-02
3.097303025424480438e-02
3.185785934329032898e-02
3.242405131459236145e-02
3.128798678517341614e-02
3.253810480237007141e-02
3.114211931824684143e-02
3.153122588992118835e-02
3.176756948232650757e-02
3.087676689028739929e-02
3.046545386314392090e-02
3.109143860638141632e-02
3.101414255797863007e-02
3.087465837597846985e-02
3.201238438487052917e-02
3.114083036780357361e-02
3.156839311122894287e-02
3.142496570944786072e-02
3.164302557706832886e-02
3.120068646967411041e-02
3.088652156293392181e-02
3.037354908883571625e-02
3.099971637129783630e-02
3.044155612587928772e-02
3.087235614657402039e-02
3.085233084857463837e-02
3.202187642455101013e-02
3.116386942565441132e-02
3.214913606643676758e-02
3.092211484909057617e-02
3.070642612874507904e-02
3.157178685069084167e-02
3.099606372416019440e-02
3.125765174627304077e-02
3.103014454245567322e-02
3.106929734349250793e-02
3.124426305294036865e-02
3.162534534931182861e-02
3.057745099067687988e-02
3.115279786288738251e-02
3.029125556349754333e-02
3.063957951962947845e-02
3.078723140060901642e-02
3.178195282816886902e-02
3.096757642924785614e-02
3.061931766569614410e-02
3.031947463750839233e-02
3.017506003379821777e-02
3.136270120739936829e-02
3.097737953066825867e-02
2.994438074529170990e-02
3.083910048007965088e-02
3.076827153563499451e-02
3.135646134614944458e-02
3.022572211921215057e-02
3.029857948422431946e-02
3.010150976479053497e-02
3.079855628311634064e-02
3.063346259295940399e-02
3.069810196757316589e-02
3.078986145555973053e-02
3.025622665882110596e-02
3.098333254456520081e-02
2.997021190822124481e-02
3.081424348056316376e-02
3.094489686191082001e-02
3.060965798795223236e-02
3.112490475177764893e-02
3.041697293519973755e-02
3.048200532793998718e-02
3.018369711935520172e-02
3.042507544159889221e-02
2.981016598641872406e-02
2.979081310331821442e-02
3.087354451417922974e-02
2.986666187644004822e-02
3.031137399375438690e-02
3.068169578909873962e-02
3.034819848835468292e-02
3.009150922298431396e-02
3.009666316211223602e-02
3.037472441792488098e-02
2.961464785039424896e-02
2.994112111628055573e-02
2.986278757452964783e-02
2.974285557866096497e-02
3.104905411601066589e-02
2.907242253422737122e-02
2.981292456388473511e-02
3.100400790572166443e-02
3.025191649794578552e-02
2.939838543534278870e-02
3.035078756511211395e-02
3.018715418875217438e-02
3.005491755902767181e-02
2.982396073639392853e-02
3.025702200829982758e-02
2.986361272633075714e-02
3.007575683295726776e-02
2.982009388506412506e-02
2.972856722772121429e-02
2.991111576557159424e-02
3.021292388439178467e-02
2.989243529736995697e-02
2.973003312945365906e-02
2.943298220634460449e-02
2.943888679146766663e-02
2.956193313002586365e-02
2.938587777316570282e-02
3.026562556624412537e-02
2.995615079998970032e-02
2.915123850107192993e-02
2.859962172806262970e-02
2.961566671729087830e-02
3.031258657574653625e-02
2.951237931847572327e-02
3.036277741193771362e-02
3.020204976201057434e-02
2.993561327457427979e-02
3.043863177299499512e-02
2.853849716484546661e-02
2.943961694836616516e-02
2.910987846553325653e-02
3.010607697069644928e-02
2.862669155001640320e-02
2.979962714016437531e-02
3.059881739318370819e-02
3.024557046592235565e-02
3.051108680665493011e-02
2.912625670433044434e-02
2.796443738043308258e-02
2.876204252243041992e-02
2.889398485422134399e-02
2.871658839285373688e-02
2.920913696289062500e-02
2.943012677133083344e-02
2.950913272798061371e-02
2.937045879662036896e-02
2.901141345500946045e-02
2.945589274168014526e-02
2.911792136728763580e-02
2.915880084037780762e-02
2.871605940163135529e-02
2.935172803699970245e-02
2.991032786667346954e-02
2.864290773868560791e-02
2.980503998696804047e-02
2.918567322194576263e-02
2.900416776537895203e-02
2.898501418530941010e-02
2.911455743014812469e-02
2.931428514420986176e-02
2.932357043027877808e-02
2.931340783834457397e-02
2.915860153734683990e-02
2.970410883426666260e-02
2.872708253562450409e-02
2.839083969593048096e-02
2.928413078188896179e-02
2.941648103296756744e-02
2.872085198760032654e-02
2.894572541117668152e-02
2.935117110610008240e-02
2.892479859292507172e-02
2.873270772397518158e-02
2.853111363947391510e-02
2.902110479772090912e-02
2.984967082738876343e-02
2.877205237746238708e-02
2.901516295969486237e-02
2.976235747337341309e-02
2.822591364383697510e-02
2.902840264141559601e-02
2.823907323181629181e-02
2.816228382289409637e-02
2.846801280975341797e-02
2.822961285710334778e-02
2.922029979526996613e-02
2.880232594907283783e-02
2.860004454851150513e-02
2.826330624520778656e-02
2.802861109375953674e-02
2.775300666689872742e-02
2.825806103646755219e-02
2.931702882051467896e-02
2.831672690808773041e-02
2.830945141613483429e-02
2.790904417634010315e-02
2.792125567793846130e-02
2.815664559602737427e-02
2.776191011071205139e-02
2.827991917729377747e-02
2.827983535826206207e-02
2.796820551156997681e-02
2.787926048040390015e-02
2.844590507447719574e-02
2.844191156327724457e-02
2.864715456962585449e-02
2.900437265634536743e-02
2.768611721694469452e-02
2.837409824132919312e-02
2.852638997137546539e-02
2.772169746458530426e-02
2.898544259369373322e-02
2.860143408179283142e-02
2.900156937539577484e-02
2.893337234854698181e-02
2.817972376942634583e-02
2.837399765849113464e-02
2.820124290883541107e-02
2.795234322547912598e-02
2.751835435628890991e-02
2.769827470183372498e-02
2.795490436255931854e-02
2.795664221048355103e-02
2.800826728343963623e-02
2.793350443243980408e-02
2.819341234862804413e-02
2.860229089856147766e-02
2.852716483175754547e-02
2.788035571575164795e-02
2.709638513624668121e-02
2.755851298570632935e-02
2.811171114444732666e-02
2.779049053788185120e-02
2.911561727523803711e-02
2.785280905663967133e-02
2.831726148724555969e-02
2.872771024703979492e-02
2.786554023623466492e-02
2.810278907418251038e-02
2.710595354437828064e-02
2.776466123759746552e-02
2.729477360844612122e-02
2.723330818116664886e-02
2.790561318397521973e-02
2.823548577725887299e-02
2.799432538449764252e-02
2.797228656709194183e-02
2.800129912793636322e-02
2.734652906656265259e-02
2.762167714536190033e-02
2.788318321108818054e-02
2.752029523253440857e-02
2.770318277180194855e-02
2.718306519091129303e-02
2.834171615540981293e-02
2.781973965466022491e-02
2.777182683348655701e-02
2.777238935232162476e-02
2.726733684539794922e-02
2.768077701330184937e-02
2.789945714175701141e-02
2.736075036227703094e-02
2.798740193247795105e-02
2.758683077991008759e-02
2.724037691950798035e-02
2.747633494436740875e-02
2.761429548263549805e-02
2.795461751520633698e-02
2.745687589049339294e-02
2.722074463963508606e-02
2.738312259316444397e-02
2.812449820339679718e-02
2.737052179872989655e-02
2.694812230765819550e-02
2.779053896665573120e-02
2.821557596325874329e-02
2.738921158015727997e-02
2.847917936742305756e-02
2.762011438608169556e-02
2.747790142893791199e-02
2.686858549714088440e-02
2.763768844306468964e-02
2.724826335906982422e-02
2.812595665454864502e-02
2.740926668047904968e-02
2.745671756565570831e-02
2.695285528898239136e-02
2.689521759748458862e-02
2.682965062558650970e-02
2.692587859928607941e-02
2.691905200481414795e-02
2.671309560537338257e-02
2.671805210411548615e-02
2.707540430128574371e-02
2.711517363786697388e-02
2.683980390429496765e-02
2.726868353784084320e-02
2.868568524718284607e-02
2.702525258064270020e-02
2.654753997921943665e-02
2.700199745595455170e-02
2.681099809706211090e-02
2.730768546462059021e-02
2.694966271519660950e-02
2.721398137509822845e-02
2.690645121037960052e-02
2.687194012105464935e-02
2.711551263928413391e-02
2.723713219165802002e-02
2.605209127068519592e-02
2.679040096700191498e-02
2.681387402117252350e-02
2.734994515776634216e-02
2.747304737567901611e-02
2.614004909992218018e-02
2.683006040751934052e-02
2.670652233064174652e-02
2.677870355546474457e-02
2.670596353709697723e-02
2.631577849388122559e-02
2.692150510847568512e-02
2.607430331408977509e-02
2.652830071747303009e-02
2.655101753771305084e-02
2.669338323175907135e-02
2.664572931826114655e-02
2.657737024128437042e-02
2.710339985787868500e-02
2.653457969427108765e-02
2.665834873914718628e-02
2.592021785676479340e-02
2.656828798353672028e-02
2.743187360465526581e-02
2.634613588452339172e-02
2.631051652133464813e-02
2.724475786089897156e-02
2.650579437613487244e-02
2.667344920337200165e-02
2.630292437970638275e-02
2.622145600616931915e-02
2.608053199946880341e-02
2.687007188796997070e-02
2.665792219340801239e-02
2.615902572870254517e-02
2.746575698256492615e-02
2.675351686775684357e-02
2.612644433975219727e-02
2.674892544746398926e-02
2.623928338289260864e-02
2.665921114385128021e-02
2.631330862641334534e-02
2.590399421751499176e-02
2.630057372152805328e-02
2.669847011566162109e-02
2.666510082781314850e-02
2.602982334792613983e-02
2.581462264060974121e-02
2.667801082134246826e-02
2.605059184134006500e-02
2.640728466212749481e-02
2.596004679799079895e-02
2.613520808517932892e-02
2.584327571094036102e-02
2.594208903610706329e-02
2.611419558525085449e-02
2.616498433053493500e-02
2.668141014873981476e-02
2.626324072480201721e-02
2.589201368391513824e-02
2.647174336016178131e-02
2.633745037019252777e-02
2.651427313685417175e-02
2.615565806627273560e-02
2.638782560825347900e-02
2.579661458730697632e-02
2.575691230595111847e-02
2.577451430261135101e-02
2.633010968565940857e-02
2.690947800874710083e-02
2.576732449233531952e-02
2.577798068523406982e-02
2.600145526230335236e-02
2.553064376115798950e-02
2.586655877530574799e-02
2.639800496399402618e-02
2.605653554201126099e-02
2.549610845744609833e-02
2.588056400418281555e-02
2.531735040247440338e-02
2.578737400472164154e-02
2.570357546210289001e-02
2.635359019041061401e-02
2.666161768138408661e-02
2.588720433413982391e-02
2.595350518822669983e-02
2.628649771213531494e-02
2.596583403646945953e-02
2.552006766200065613e-02
2.574482932686805725e-02
2.546031586825847626e-02
2.558721974492073059e-02
2.569921500980854034e-02
2.580364793539047241e-02
2.551856450736522675e-02
2.650762908160686493e-02
2.533152513206005096e-02
2.578745782375335693e-02
2.568756230175495148e-02
2.635023929178714752e-02
2.537780627608299255e-02
2.534769661724567413e-02
2.540451288223266602e-02
2.518005669116973877e-02
2.599158138036727905e-02
2.541640400886535645e-02
2.490193769335746765e-02
2.559169009327888489e-02
2.507327310740947723e-02
2.546323463320732117e-02
2.504755184054374695e-02
2.567362412810325623e-02
2.523307316005229950e-02
2.557815983891487122e-02
2.648518048226833344e-02
2.558984234929084778e-02
2.517076767981052399e-02
2.539109997451305389e-02
2.576975524425506592e-02
2.548980526626110077e-02
2.589660137891769409e-02
2.586031705141067505e-02
2.551475353538990021e-02
2.493022568523883820e-02
2.577347494661808014e-02
2.517972141504287720e-02
2.524722367525100708e-02
2.557727694511413574e-02
2.507819049060344696e-02
2.519342675805091858e-02
2.493641339242458344e-02
2.513924613595008850e-02
2.535389550030231476e-02
2.514133974909782410e-02
2.515154890716075897e-02
2.609976567327976227e-02
2.592064440250396729e-02
2.513490244746208191e-02
2.540980651974678040e-02
2.460599318146705627e-02
2.549654245376586914e-02
2.545681409537792206e-02
2.558727003633975983e-02
2.539000101387500763e-02
2.517811581492424011e-02
2.559066005051136017e-02
2.480167895555496216e-02
2.494834177196025848e-02
2.536281198263168335e-02
2.531286701560020447e-02
2.497582696378231049e-02
2.545823156833648682e-02
2.534195408225059509e-02
2.569346316158771515e-02
2.567164786159992218e-02
2.511040866374969482e-02
2.471855469048023224e-02
2.501965872943401337e-02
2.502963505685329437e-02
2.439818903803825378e-02
2.467609941959381104e-02
2.522260136902332306e-02
2.478535659611225128e-02
2.487885393202304840e-02
2.468781918287277222e-02
2.496916800737380981e-02
2.509771101176738739e-02
2.541806921362876892e-02
2.478457987308502197e-02
2.480060234665870667e-02
2.507243491709232330e-02
2.504394948482513428e-02
2.505032159388065338e-02
2.531505562365055084e-02
2.564403228461742401e-02
2.471712231636047363e-02
2.470318600535392761e-02
2.463750168681144714e-02
2.502168715000152588e-02
2.445895224809646606e-02
2.454164810478687286e-02
2.510445564985275269e-02
2.419357746839523315e-02
2.483599446713924408e-02
2.487119473516941071e-02
2.481206879019737244e-02
2.515840157866477966e-02
2.476117759943008423e-02
2.439716085791587830e-02
2.403012849390506744e-02
2.472278103232383728e-02
2.505098655819892883e-02
2.470978908240795135e-02
2.487260103225708008e-02
2.492427080869674683e-02
2.503531239926815033e-02
2.486484870314598083e-02
2.552081458270549774e-02
2.414412051439285278e-02
2.450930513441562653e-02
2.440932579338550568e-02
2.379139326512813568e-02
2.450396865606307983e-02
2.419560775160789490e-02
2.442902885377407074e-02
2.407087199389934540e-02
2.506643161177635193e-02
2.426573261618614197e-02
2.464062720537185669e-02
2.452668175101280212e-02
2.433025091886520386e-02
2.506214193999767303e-02
2.495249919593334198e-02
2.414345927536487579e-02
2.442624047398567200e-02
2.424030750989913940e-02
2.469660900533199310e-02
2.417685836553573608e-02
2.423213422298431396e-02
2.385612577199935913e-02
2.479043230414390564e-02
2.455810457468032837e-02
2.525805495679378510e-02
2.450733073055744171e-02
2.444976009428501129e-02
2.481852658092975616e-02
2.422732114791870117e-02
2.450582943856716156e-02
2.425991930067539215e-02
2.432702481746673584e-02
2.506943792104721069e-02
2.420718222856521606e-02
2.438994683325290680e-02
2.435058355331420898e-02
2.456570975482463837e-02
2.432091534137725830e-02
2.428979799151420593e-02
2.430967427790164948e-02
2.429440058767795563e-02
2.447651699185371399e-02
2.405581623315811157e-02
2.560657449066638947e-02
2.449671924114227295e-02
2.407077886164188385e-02
2.425860054790973663e-02
2.491051889955997467e-02
2.419613301753997803e-02
2.362985536456108093e-02
2.425041422247886658e-02
2.348351664841175079e-02
2.382921241223812103e-02
2.463348396122455597e-02
2.441077679395675659e-02
2.465458214282989502e-02
2.427097596228122711e-02
2.407714910805225372e-02
2.389736101031303406e-02
2.496825158596038818e-02
2.387713640928268433e-02
2.343735098838806152e-02
2.425775118172168732e-02
2.476760372519493103e-02
2.363050170242786407e-02
2.397122047841548920e-02
2.352912724018096924e-02
2.359385974705219269e-02
2.345109172165393829e-02
2.398806437849998474e-02
2.372692339122295380e-02
2.415539510548114777e-02
2.365494146943092346e-02
2.364322729408740997e-02
2.413825131952762604e-02
2.401876822113990784e-02
2.374995686113834381e-02
2.372798696160316467e-02
2.380591817200183868e-02
2.380676940083503723e-02
2.434127777814865112e-02
2.373458817601203918e-02
2.389658242464065552e-02
2.418387308716773987e-02
2.413901314139366150e-02
2.375328168272972107e-02
2.364136837422847748e-02
2.367294766008853912e-02
2.364190667867660522e-02
2.333373762667179108e-02
2.504484727978706360e-02
2.372219786047935486e-02
2.330894768238067627e-02
2.394158579409122467e-02
2.375135943293571472e-02
2.443222515285015106e-02
2.345936931669712067e-02
2.430741861462593079e-02
2.418734692037105560e-02
2.362523041665554047e-02
2.366682142019271851e-02
2.346728928387165070e-02
2.371272817254066467e-02
2.349619567394256592e-02
2.316450327634811401e-02
2.403946779668331146e-02
2.357379905879497528e-02
2.351705357432365417e-02
2.287901565432548523e-02
2.343445830047130585e-02
2.353327348828315735e-02
2.388401143252849579e-02
2.341085858643054962e-02
2.326504327356815338e-02
2.321393787860870361e-02
2.295024320483207703e-02
2.333384752273559570e-02
2.336510270833969116e-02
2.325320430099964142e-02
2.336878888309001923e-02
2.362042851746082306e-02
2.394167892634868622e-02
2.333949320018291473e-02
2.358055487275123596e-02
2.407277189195156097e-02
2.265792153775691986e-02
2.446013689041137695e-02
2.331013604998588562e-02
2.353018335998058319e-02
2.308619022369384766e-02
2.379039674997329712e-02
2.346540614962577820e-02
2.315460704267024994e-02
2.313432656228542328e-02
2.315469831228256226e-02
2.357057109475135803e-02
2.289720438420772552e-02
2.293422818183898926e-02
2.268036454916000366e-02
2.248652651906013489e-02
2.308486402034759521e-02
2.341903932392597198e-02
2.370170317590236664e-02
2.331095002591609955e-02
2.325127273797988892e-02
2.306456305086612701e-02
2.352163754403591156e-02
2.342453040182590485e-02
2.321789041161537170e-02
2.317113988101482391e-02
2.293818630278110504e-02
2.394829690456390381e-02
2.345782890915870667e-02
2.321017347276210785e-02
2.276520617306232452e-02
2.301380969583988190e-02
2.351963706314563751e-02
2.296030707657337189e-02
2.305931784212589264e-02
2.300028502941131592e-02
2.295944467186927795e-02
2.297898381948471069e-02
2.260977774858474731e-02
2.283639274537563324e-02
2.305628359317779541e-02
2.316938526928424835e-02
2.279015257954597473e-02
2.290674671530723572e-02
2.260432392358779907e-02
2.287331596016883850e-02
2.215494401752948761e-02
2.287678793072700500e-02
2.258774265646934509e-02
2.308997325599193573e-02
2.316125296056270599e-02
2.309980802237987518e-02
2.344385720789432526e-02
2.278719469904899597e-02
2.318213880062103271e-02
2.260410413146018982e-02
2.328918129205703735e-02
2.253407984972000122e-02
2.291664481163024902e-02
2.288218401372432709e-02
2.279650978744029999e-02
2.366090565919876099e-02
2.290781214833259583e-02
2.299977093935012817e-02
2.297363430261611938e-02
2.260188758373260498e-02
2.265824005007743835e-02
2.212205342948436737e-02
2.327262982726097107e-02
2.249695174396038055e-02
2.341922372579574585e-02
2.232438325881958008e-02
2.313121780753135681e-02
2.326352335512638092e-02
2.283335849642753601e-02
2.269308455288410187e-02
2.282092906534671783e-02
2.209098637104034424e-02
2.335095219314098358e-02
2.329128049314022064e-02
2.266176603734493256e-02
2.231707982718944550e-02
2.315999008715152740e-02
2.231172658503055573e-02
2.275662496685981750e-02
2.205259352922439575e-02
2.313864231109619141e-02
2.232670411467552185e-02
2.245740965008735657e-02
2.266938053071498871e-02
2.244631201028823853e-02
2.235485427081584930e-02
2.286754734814167023e-02
2.285101637244224548e-02
2.219478413462638855e-02
2.293953485786914825e-02
2.221182920038700104e-02
2.226220257580280304e-02
2.278584055602550507e-02
2.319601364433765411e-02
2.266943641006946564e-02
2.235146984457969666e-02
2.221972309052944183e-02
2.221368066966533661e-02
2.268108539283275604e-02
2.208276093006134033e-02
2.229307591915130615e-02
2.246540039777755737e-02
2.223483286798000336e-02
2.255198732018470764e-02
2.244480699300765991e-02
2.296611666679382324e-02
2.229891717433929443e-02
2.265702001750469208e-02
2.233236469328403473e-02
2.217845246195793152e-02
2.223723009228706360e-02
2.189086191356182098e-02
2.313925325870513916e-02
2.271814830601215363e-02
2.214372903108596802e-02
2.228695340454578400e-02
2.214887551963329315e-02
2.279701270163059235e-02
2.189294435083866119e-02
2.228326164186000824e-02
2.220014296472072601e-02
2.249426580965518951e-02
2.242410928010940552e-02
2.183452807366847992e-02
2.162464894354343414e-02
2.163356356322765350e-02
2.188288234174251556e-02
2.200410701334476471e-02
2.278837189078330994e-02
2.230924181640148163e-02
2.244087122380733490e-02
2.197732590138912201e-02
2.179967425763607025e-02
2.173244766891002655e-02
2.261324040591716766e-02
2.202922850847244263e-02
2.235585451126098633e-02
2.188664861023426056e-02
2.149311825633049011e-02
2.201531082391738892e-02
2.236624062061309814e-02
2.217694185674190521e-02
2.213182486593723297e-02
2.173140272498130798e-02
2.209468372166156769e-02
2.238031290471553802e-02
2.174607105553150177e-02
2.189712040126323700e-02
2.190190181136131287e-02
2.170471101999282837e-02
2.231943048536777496e-02
2.189686149358749390e-02
2.200654335319995880e-02
2.208775095641613007e-02
2.146495133638381958e-02
2.200758457183837891e-02
2.187131531536579132e-02
2.227868884801864624e-02
2.213275432586669922e-02
2.187918685376644135e-02
2.167657390236854553e-02
2.208569273352622986e-02
2.238155715167522430e-02
2.139865420758724213e-02
2.147153019905090332e-02
2.188985235989093781e-02
2.180992066860198975e-02
2.191367372870445251e-02
2.178151905536651611e-02
2.186519093811511993e-02
2.162015251815319061e-02
2.200594171881675720e-02
2.190317586064338684e-02
2.099906094372272491e-02
2.188231050968170166e-02
2.297316864132881165e-02
2.178122289478778839e-02
2.170324698090553284e-02
2.218718454241752625e-02
2.180612646043300629e-02
2.198325097560882568e-02
2.162662707269191742e-02
2.239182963967323303e-02
2.149150520563125610e-02
2.156155183911323547e-02
2.141075767576694489e-02
2.200493030250072479e-02
2.143197506666183472e-02
2.168996073305606842e-02
2.161691896617412567e-02
2.180382050573825836e-02
2.229683101177215576e-02
2.137028053402900696e-02
2.161754108965396881e-02
2.133681252598762512e-02
2.113422006368637085e-02
2.205205149948596954e-02
2.201067097485065460e-02
2.128987014293670654e-02
2.164936065673828125e-02
2.182928100228309631e-02
2.152990177273750305e-02
2.158526331186294556e-02
2.172107994556427002e-02
2.140084281563758850e-02
2.132204733788967133e-02
2.109497785568237305e-02
2.180131152272224426e-02
2.151495032012462616e-02
2.190363034605979919e-02
2.157148346304893494e-02
2.123097516596317291e-02
2.208301611244678497e-02
2.130949869751930237e-02
2.176320180296897888e-02
2.160691469907760620e-02
2.138089947402477264e-02
2.116147987544536591e-02
2.177543565630912781e-02
2.163581922650337219e-02
2.142862044274806976e-02
2.163385041058063507e-02
2.158587425947189331e-02
2.150674164295196533e-02
2.184730023145675659e-02
2.152973785996437073e-02
2.179309539496898651e-02
2.186300791800022125e-02
2.187044359743595123e-02
2.178193815052509308e-02
2.080103382468223572e-02
2.184455096721649170e-02
2.129868231713771820e-02
2.182243391871452332e-02
2.110458165407180786e-02
2.149759232997894287e-02
2.201140858232975006e-02
2.176151610910892487e-02
2.167235501110553741e-02
2.103252150118350983e-02
2.112760953605175018e-02
2.121501415967941284e-02
2.132903039455413818e-02
2.205101400613784790e-02
2.155208215117454529e-02
2.173709869384765625e-02
2.101434767246246338e-02
2.139393240213394165e-02
2.104579471051692963e-02
2.123757824301719666e-02
2.135339565575122833e-02
2.122947946190834045e-02
2.148428745567798615e-02
2.098737470805644989e-02
2.105942741036415100e-02
2.074854820966720581e-02
2.109593525528907776e-02
2.120482921600341797e-02
2.114615775644779205e-02
2.184922248125076294e-02
2.124585583806037903e-02
2.117051370441913605e-02
2.141910418868064880e-02
2.128157764673233032e-02
2.071551606059074402e-02
2.161850407719612122e-02
2.142037451267242432e-02
2.089742198586463928e-02
2.143195644021034241e-02
2.106508053839206696e-02
2.115371078252792358e-02
2.124304883182048798e-02
2.147752419114112854e-02
2.090282551944255829e-02
2.087253332138061523e-02
2.070109173655509949e-02
2.117972262203693390e-02
2.174454368650913239e-02
2.074119448661804199e-02
2.129086852073669434e-02
2.127120457589626312e-02
