1.064476251602172852e+00
8.732372522354125977e-01
7.680179476737976074e-01
6.820672750473022461e-01
6.279624700546264648e-01
5.812313556671142578e-01
5.346177220344543457e-01
4.888651072978973389e-01
4.458535611629486084e-01
4.068377017974853516e-01
3.716395199298858643e-01
3.392164409160614014e-01
3.131947815418243408e-01
2.897488474845886230e-01
2.679798603057861328e-01
2.464668601751327515e-01
2.274863272905349731e-01
2.078147828578948975e-01
1.907438039779663086e-01
1.736294478178024292e-01
1.602512896060943604e-01
1.437461227178573608e-01
1.342143416404724121e-01
1.241628974676132202e-01
1.143861785531044006e-01
1.076974198222160339e-01
1.012663319706916809e-01
9.585334360599517822e-02
8.910164237022399902e-02
8.628672361373901367e-02
8.257737755775451660e-02
7.619356364011764526e-02
7.189624011516571045e-02
7.011370360851287842e-02
6.770335137844085693e-02
6.441836804151535034e-02
6.339369714260101318e-02
6.041574105620384216e-02
5.906302481889724731e-02
5.658365041017532349e-02
5.538950487971305847e-02
5.185397341847419739e-02
4.983009770512580872e-02
4.952472820878028870e-02
4.819126799702644348e-02
4.626706987619400024e-02
4.620534181594848633e-02
4.435811936855316162e-02
4.353106021881103516e-02
4.321982339024543762e-02
4.265671223402023315e-02
3.951334208250045776e-02
3.908973559737205505e-02
3.793478012084960938e-02
3.764826059341430664e-02
3.673768788576126099e-02
3.595285490155220032e-02
3.688512369990348816e-02
3.502080217003822327e-02
3.492671623826026917e-02
3.444728627800941467e-02
3.242586180567741394e-02
3.147808834910392761e-02
3.148171305656433105e-02
3.099528700113296509e-02
3.091228380799293518e-02
2.940151840448379517e-02
2.912686578929424286e-02
2.966573461890220642e-02
2.940367721021175385e-02
2.995519340038299561e-02
2.788492292165756226e-02
2.635358087718486786e-02
2.564005926251411438e-02
2.600394375622272491e-02
2.574513107538223267e-02
2.440900355577468872e-02
2.499858476221561432e-02
2.479713037610054016e-02
2.501193061470985413e-02
2.487536706030368805e-02
2.289023622870445251e-02
2.287757955491542816e-02
2.232539653778076172e-02
2.270404994487762451e-02
2.228951826691627502e-02
2.251780778169631958e-02
2.187045291066169739e-02
2.141222171485424042e-02
2.105344459414482117e-02
2.223326452076435089e-02
2.028221637010574341e-02
1.949962414801120758e-02
1.877034455537796021e-02
1.808003522455692291e-02
1.867170445621013641e-02
1.861190423369407654e-02
1.801539398729801178e-02
1.797563023865222931e-02
1.891773380339145660e-02
1.762060075998306274e-02
1.685827225446701050e-02
1.741848140954971313e-02
1.706862822175025940e-02
1.615245826542377472e-02
1.585825346410274506e-02
1.661801524460315704e-02
1.508694700896739960e-02
1.625660806894302368e-02
1.619297638535499573e-02
1.565515063703060150e-02
1.518659014254808426e-02
1.553214434534311295e-02
1.524734776467084885e-02
1.446272246539592743e-02
1.477800961583852768e-02
1.492060068994760513e-02
1.486143283545970917e-02
1.415366958826780319e-02
1.423616707324981689e-02
1.453193835914134979e-02
1.409748382866382599e-02
1.352564617991447449e-02
1.262038573622703552e-02
1.290558744221925735e-02
1.310819480568170547e-02
1.315614953637123108e-02
1.242002844810485840e-02
1.289624813944101334e-02
1.228472869843244553e-02
1.266623102128505707e-02
1.238053105771541595e-02
1.146882772445678711e-02
1.158345863223075867e-02
1.177551969885826111e-02
1.263667829334735870e-02
1.137269102036952972e-02
1.157980039715766907e-02
1.273050531744956970e-02
1.214620377868413925e-02
1.161611545830965042e-02
1.155871059745550156e-02
1.050741691142320633e-02
1.064246520400047302e-02
1.048333384096622467e-02
1.056911237537860870e-02
1.098911091685295105e-02
1.142281014472246170e-02
1.059958618134260178e-02
1.068675611168146133e-02
1.139114797115325928e-02
1.043369527906179428e-02
1.044561248272657394e-02
1.039672456681728363e-02
1.045005489140748978e-02
1.000766362994909286e-02
1.058583706617355347e-02
1.001612376421689987e-02
1.035380829125642776e-02
1.029977481812238693e-02
1.031980384141206741e-02
9.922527708113193512e-03
9.003099985420703888e-03
8.983906358480453491e-03
9.711898863315582275e-03
8.817951194941997528e-03
8.883585222065448761e-03
9.202499873936176300e-03
9.361401200294494629e-03
9.565800428390502930e-03
8.833775296807289124e-03
8.327296935021877289e-03
8.567919954657554626e-03
8.651127107441425323e-03
8.550740778446197510e-03
9.167479351162910461e-03
8.895807899534702301e-03
8.677445352077484131e-03
8.781134150922298431e-03
8.027188479900360107e-03
8.143241517245769501e-03
8.074340410530567169e-03
7.775597274303436279e-03
8.665743283927440643e-03
7.720238063484430313e-03
9.139495901763439178e-03
7.917995564639568329e-03
7.500905543565750122e-03
8.228107355535030365e-03
8.409778587520122528e-03
8.070291019976139069e-03
7.832828909158706665e-03
8.275451138615608215e-03
7.637081202119588852e-03
8.137765340507030487e-03
7.628897204995155334e-03
7.543222047388553619e-03
7.907399907708168030e-03
7.511381525546312332e-03
7.715282496064901352e-03
7.648137863725423813e-03
