9.602424502372741699e-01
1.006684303283691406e+00
1.005373954772949219e+00
9.831539988517761230e-01
9.536933898925781250e-01
9.145845770835876465e-01
8.579117059707641602e-01
7.926117777824401855e-01
7.295818328857421875e-01
6.735267043113708496e-01
6.260570883750915527e-01
5.786752104759216309e-01
5.345027446746826172e-01
4.950432777404785156e-01
4.622211754322052002e-01
4.287427961826324463e-01
3.922651410102844238e-01
3.645495474338531494e-01
3.359756469726562500e-01
3.110567331314086914e-01
2.862403094768524170e-01
2.572849392890930176e-01
2.372182011604309082e-01
2.216764986515045166e-01
2.070945352315902710e-01
1.947859823703765869e-01
1.828487366437911987e-01
1.725525856018066406e-01
1.663902103900909424e-01
1.541718691587448120e-01
1.478136032819747925e-01
1.376269757747650146e-01
1.303935050964355469e-01
1.252753883600234985e-01
1.202098280191421509e-01
1.191057190299034119e-01
1.128468737006187439e-01
1.098002418875694275e-01
1.065124198794364929e-01
1.023860946297645569e-01
9.874479472637176514e-02
9.423612058162689209e-02
9.296531975269317627e-02
8.825442194938659668e-02
8.761808276176452637e-02
8.705259114503860474e-02
8.300409466028213501e-02
8.336191624402999878e-02
8.200957626104354858e-02
7.951245456933975220e-02
7.793407887220382690e-02
7.422546297311782837e-02
7.215547561645507812e-02
7.011314481496810913e-02
6.749918311834335327e-02
6.914871186017990112e-02
6.743712723255157471e-02
6.663286685943603516e-02
6.483968347311019897e-02
6.423307210206985474e-02
6.260239332914352417e-02
6.138361245393753052e-02
5.795394629240036011e-02
5.730185285210609436e-02
5.659101903438568115e-02
5.428873747587203979e-02
5.621858313679695129e-02
5.528282001614570618e-02
5.482317507266998291e-02
5.322692915797233582e-02
5.420516058802604675e-02
4.895704984664916992e-02
4.825352132320404053e-02
4.812905937433242798e-02
4.793197661638259888e-02
4.758080095052719116e-02
4.742740839719772339e-02
4.674574732780456543e-02
4.449357092380523682e-02
4.431364312767982483e-02
4.504257068037986755e-02
4.228067770600318909e-02
4.166550561785697937e-02
4.151652753353118896e-02
4.215983301401138306e-02
4.028172045946121216e-02
4.002550989389419556e-02
4.029784351587295532e-02
3.891196474432945251e-02
3.835884854197502136e-02
3.798764571547508240e-02
3.546766936779022217e-02
3.735907375812530518e-02
3.612510487437248230e-02
3.747894987463951111e-02
3.524264693260192871e-02
3.687879443168640137e-02
3.426086902618408203e-02
3.474020585417747498e-02
3.317077085375785828e-02
3.452196717262268066e-02
3.086093254387378693e-02
3.086324036121368408e-02
3.116583637893199921e-02
3.267526999115943909e-02
3.127817064523696899e-02
3.157661110162734985e-02
3.175193071365356445e-02
2.944540604948997498e-02
3.167496249079704285e-02
3.091668710112571716e-02
2.863085456192493439e-02
2.783661894500255585e-02
2.725712023675441742e-02
2.957127429544925690e-02
2.769980207085609436e-02
2.825372107326984406e-02
2.813989855349063873e-02
2.719624154269695282e-02
2.704951539635658264e-02
2.845936454832553864e-02
2.646222524344921112e-02
2.630512602627277374e-02
2.654433622956275940e-02
2.584514766931533813e-02
2.731456980109214783e-02
2.683763951063156128e-02
2.647002041339874268e-02
2.682462148368358612e-02
2.623843401670455933e-02
2.663235552608966827e-02
2.376547269523143768e-02
2.466021850705146790e-02
2.307805232703685760e-02
2.400393970310688019e-02
2.357839234173297882e-02
2.343282848596572876e-02
2.490982040762901306e-02
2.339666709303855896e-02
2.347750402987003326e-02
2.269750647246837616e-02
2.189704030752182007e-02
2.169010974466800690e-02
2.273383364081382751e-02
2.303502708673477173e-02
2.184819430112838745e-02
2.156274206936359406e-02
2.125903591513633728e-02
2.266043797135353088e-02
2.134820632636547089e-02
2.118563279509544373e-02
2.010782063007354736e-02
2.016676589846611023e-02
2.011703699827194214e-02
2.104602567851543427e-02
2.137953229248523712e-02
1.942162960767745972e-02
2.184375934302806854e-02
2.015496231615543365e-02
2.045954391360282898e-02
1.908363029360771179e-02
1.861850917339324951e-02
1.881813816726207733e-02
1.880242861807346344e-02
1.783717051148414612e-02
1.833976432681083679e-02
1.914234459400177002e-02
1.981738582253456116e-02
1.879499107599258423e-02
1.889786310493946075e-02
1.942837797105312347e-02
1.845282316207885742e-02
1.794799976050853729e-02
1.789776049554347992e-02
1.867672055959701538e-02
1.714053377509117126e-02
1.800677552819252014e-02
1.735821552574634552e-02
1.785599067807197571e-02
1.698637567460536957e-02
1.768039539456367493e-02
1.599751040339469910e-02
1.736884191632270813e-02
1.636270806193351746e-02
1.724649593234062195e-02
1.636070385575294495e-02
1.759164780378341675e-02
1.772841252386569977e-02
1.663984544575214386e-02
1.674913987517356873e-02
1.650105230510234833e-02
1.642747037112712860e-02
1.585447229444980621e-02
1.598751917481422424e-02
1.575859077274799347e-02
1.629359833896160126e-02
1.673856936395168304e-02
1.552510168403387070e-02
1.569473929703235626e-02
1.547131687402725220e-02
1.545523665845394135e-02
