1.102958679199218750e+00
9.994384050369262695e-01
9.553825259208679199e-01
8.344412446022033691e-01
7.509483098983764648e-01
6.753678321838378906e-01
6.148609519004821777e-01
5.641368031501770020e-01
5.193429589271545410e-01
4.785988628864288330e-01
4.421063959598541260e-01
4.054121673107147217e-01
3.762205541133880615e-01
3.459058105945587158e-01
3.194562792778015137e-01
2.943631410598754883e-01
2.655880153179168701e-01
2.420693337917327881e-01
2.219337373971939087e-01
2.014108747243881226e-01
1.829120069742202759e-01
1.631558537483215332e-01
1.504525840282440186e-01
1.389275938272476196e-01
1.281150579452514648e-01
1.186734959483146667e-01
1.119784489274024963e-01
1.049442291259765625e-01
9.926064312458038330e-02
9.437146782875061035e-02
9.023019671440124512e-02
8.316916227340698242e-02
7.871717959642410278e-02
7.532793283462524414e-02
7.269011437892913818e-02
6.977561116218566895e-02
6.826402992010116577e-02
6.494700908660888672e-02
6.438265740871429443e-02
6.075560674071311951e-02
6.064116954803466797e-02
5.608464404940605164e-02
5.435767397284507751e-02
5.280967801809310913e-02
5.211139842867851257e-02
5.098634958267211914e-02
4.888728260993957520e-02
4.859859123826026917e-02
4.782241955399513245e-02
4.650194197893142700e-02
4.561315104365348816e-02
4.314189404249191284e-02
4.172119498252868652e-02
4.174930229783058167e-02
4.090810939669609070e-02
3.890452533960342407e-02
3.855163604021072388e-02
3.931225463747978210e-02
3.809051960706710815e-02
3.728286921977996826e-02
3.682333603501319885e-02
3.448687866330146790e-02
3.417867422103881836e-02
3.344801440834999084e-02
3.197712451219558716e-02
3.273227065801620483e-02
3.301267698407173157e-02
3.317038714885711670e-02
3.087513707578182220e-02
3.119960427284240723e-02
3.107995167374610901e-02
2.865266799926757812e-02
2.840084768831729889e-02
2.833033725619316101e-02
2.789405547082424164e-02
2.897897735238075256e-02
2.780932933092117310e-02
2.681874483823776245e-02
2.596535719931125641e-02
2.563691698014736176e-02
2.610750123858451843e-02
2.486475929617881775e-02
2.456034533679485321e-02
2.425785548985004425e-02
2.483675256371498108e-02
2.351469546556472778e-02
2.335452474653720856e-02
2.375807613134384155e-02
2.233813889324665070e-02
2.256988175213336945e-02
2.294480800628662109e-02
2.154829166829586029e-02
2.103790268301963806e-02
2.136706747114658356e-02
2.102420665323734283e-02
2.021582797169685364e-02
1.963710784912109375e-02
2.026957459747791290e-02
1.971865072846412659e-02
2.063379809260368347e-02
1.955991797149181366e-02
1.847710646688938141e-02
1.907942071557044983e-02
1.839392632246017456e-02
1.741843670606613159e-02
1.937888935208320618e-02
1.808840595185756683e-02
1.836695522069931030e-02
1.859263516962528229e-02
1.856948994100093842e-02
1.757166534662246704e-02
1.673533208668231964e-02
1.796483062207698822e-02
1.613714359700679779e-02
1.559058297425508499e-02
1.627686060965061188e-02
1.779418997466564178e-02
1.675213873386383057e-02
1.638606749475002289e-02
1.729910075664520264e-02
1.536692399531602859e-02
1.659311354160308838e-02
1.540775038301944733e-02
1.476407516747713089e-02
1.583147421479225159e-02
1.466387603431940079e-02
1.488271355628967285e-02
1.439967844635248184e-02
1.448648422956466675e-02
1.448042504489421844e-02
1.467569358646869659e-02
1.391543354839086533e-02
1.333269942551851273e-02
1.391554437577724457e-02
1.365550048649311066e-02
1.492230687290430069e-02
1.363229565322399139e-02
1.343514584004878998e-02
1.604494079947471619e-02
1.474680751562118530e-02
1.341318991035223007e-02
1.343419216573238373e-02
1.356260385364294052e-02
1.270044036209583282e-02
1.214890740811824799e-02
1.288562081754207611e-02
1.272440608590841293e-02
1.289322134107351303e-02
1.244596205651760101e-02
1.306179445236921310e-02
1.456108596175909042e-02
1.212802436202764511e-02
1.306066848337650299e-02
1.361234858632087708e-02
1.370465010404586792e-02
1.272537652403116226e-02
1.164497993886470795e-02
1.235468685626983643e-02
1.186728850007057190e-02
1.177974231541156769e-02
1.201809104532003403e-02
1.160944718867540359e-02
1.098559517413377762e-02
1.150384731590747833e-02
1.113505195826292038e-02
1.145310699939727783e-02
1.112563349306583405e-02
1.077652815729379654e-02
1.081026066094636917e-02
1.140796672552824020e-02
1.091951038688421249e-02
1.094852667301893234e-02
1.036484818905591965e-02
1.060611847788095474e-02
1.048294175416231155e-02
1.111394912004470825e-02
1.044534705579280853e-02
1.063964236527681351e-02
1.064640190452337265e-02
1.055185962468385696e-02
1.089946925640106201e-02
1.025039888918399811e-02
9.805163368582725525e-03
1.119783241301774979e-02
9.710725396871566772e-03
1.057085767388343811e-02
1.001419313251972198e-02
9.634837508201599121e-03
9.766316041350364685e-03
9.706613607704639435e-03
9.766961447894573212e-03
1.034278701990842819e-02
1.051343884319067001e-02
9.706548415124416351e-03
9.915525093674659729e-03
1.004108972847461700e-02
9.609001688659191132e-03
1.013444550335407257e-02
1.043846178799867630e-02
9.671511128544807434e-03
9.872046299278736115e-03
