1.457922458648681641e+00
9.987835884094238281e-01
1.013211488723754883e+00
9.619213938713073730e-01
9.058195352554321289e-01
9.031912684440612793e-01
8.926625847816467285e-01
8.530925512313842773e-01
8.124405145645141602e-01
7.938386201858520508e-01
7.842231988906860352e-01
7.813816070556640625e-01
7.738004326820373535e-01
7.667135596275329590e-01
7.326983213424682617e-01
7.307774424552917480e-01
7.091331481933593750e-01
6.945982575416564941e-01
6.743294000625610352e-01
6.541098952293395996e-01
6.206276416778564453e-01
5.767443776130676270e-01
5.180183053016662598e-01
4.429421424865722656e-01
3.849044144153594971e-01
3.632851243019104004e-01
3.138459324836730957e-01
2.934479117393493652e-01
2.463019788265228271e-01
2.241626083850860596e-01
2.104266285896301270e-01
1.796303093433380127e-01
1.886058002710342407e-01
1.717907637357711792e-01
1.464115828275680542e-01
1.495528668165206909e-01
1.600193381309509277e-01
1.465006768703460693e-01
1.431709676980972290e-01
1.608092486858367920e-01
1.495297402143478394e-01
1.374303549528121948e-01
1.235535293817520142e-01
1.138475239276885986e-01
1.427593082189559937e-01
1.121364012360572815e-01
1.157226935029029846e-01
1.131199002265930176e-01
1.244433522224426270e-01
1.132249906659126282e-01
1.039438322186470032e-01
1.095729917287826538e-01
1.027825996279716492e-01
9.764155000448226929e-02
1.008089929819107056e-01
9.689964354038238525e-02
9.230735152959823608e-02
9.289697557687759399e-02
1.146059334278106689e-01
9.692604094743728638e-02
8.822686225175857544e-02
9.011811017990112305e-02
8.838915079832077026e-02
8.753977715969085693e-02
9.323620796203613281e-02
9.566362947225570679e-02
8.552043139934539795e-02
9.372691065073013306e-02
8.826352655887603760e-02
7.812200486660003662e-02
8.642391860485076904e-02
1.016126126050949097e-01
9.101428836584091187e-02
8.588722348213195801e-02
8.243347704410552979e-02
8.610610663890838623e-02
7.914481312036514282e-02
8.380263298749923706e-02
7.896807789802551270e-02
9.674945473670959473e-02
8.018001914024353027e-02
8.276312053203582764e-02
7.765730470418930054e-02
7.569115608930587769e-02
7.558404654264450073e-02
7.992678135633468628e-02
8.411852270364761353e-02
7.469730079174041748e-02
7.524431496858596802e-02
7.220933586359024048e-02
7.419631630182266235e-02
7.237558066844940186e-02
7.384862750768661499e-02
7.494634389877319336e-02
7.676766812801361084e-02
7.048031687736511230e-02
6.908946484327316284e-02
1.025075018405914307e-01
6.769189238548278809e-02
6.891775876283645630e-02
6.858880817890167236e-02
7.497259974479675293e-02
7.386098802089691162e-02
6.636784970760345459e-02
6.901913136243820190e-02
6.912768632173538208e-02
7.436490058898925781e-02
6.995230913162231445e-02
6.725014001131057739e-02
6.575642526149749756e-02
7.567900419235229492e-02
6.596928089857101440e-02
6.377365440130233765e-02
6.591132283210754395e-02
6.422039866447448730e-02
6.174882501363754272e-02
6.282036751508712769e-02
8.195281028747558594e-02
7.662355899810791016e-02
7.639764249324798584e-02
7.736383378505706787e-02
6.708421558141708374e-02
6.357782334089279175e-02
6.343716382980346680e-02
6.683003902435302734e-02
6.437464803457260132e-02
6.978747993707656860e-02
6.998585909605026245e-02
6.884477287530899048e-02
6.960495561361312866e-02
6.527601927518844604e-02
6.900628656148910522e-02
6.580356508493423462e-02
6.748625636100769043e-02
6.117017939686775208e-02
6.505537033081054688e-02
6.930189579725265503e-02
6.079789623618125916e-02
6.569572538137435913e-02
6.328002363443374634e-02
6.615462154150009155e-02
7.595352828502655029e-02
6.420962512493133545e-02
6.068645417690277100e-02
6.197082251310348511e-02
6.031841784715652466e-02
6.302017718553543091e-02
6.635222584009170532e-02
6.930704414844512939e-02
6.509467959403991699e-02
6.234648823738098145e-02
6.421900540590286255e-02
6.064527854323387146e-02
6.551875919103622437e-02
6.088428199291229248e-02
7.240262627601623535e-02
6.457781791687011719e-02
6.068382412195205688e-02
6.143031641840934753e-02
5.904700979590415955e-02
6.135961040854454041e-02
6.162120774388313293e-02
6.155188009142875671e-02
5.853512510657310486e-02
5.742315948009490967e-02
5.945718660950660706e-02
6.086359545588493347e-02
5.760960280895233154e-02
5.678176879882812500e-02
5.715696513652801514e-02
5.750792473554611206e-02
5.743527412414550781e-02
5.568437650799751282e-02
5.575517192482948303e-02
5.974791944026947021e-02
6.266656517982482910e-02
6.085033714771270752e-02
5.903166159987449646e-02
5.694696307182312012e-02
6.074024364352226257e-02
5.887379869818687439e-02
5.830854177474975586e-02
5.677156895399093628e-02
5.530494824051856995e-02
7.073440402746200562e-02
5.672764033079147339e-02
5.683787912130355835e-02
5.604718625545501709e-02
5.602075532078742981e-02
7.044577598571777344e-02
5.628612637519836426e-02
5.610711500048637390e-02
5.683729425072669983e-02
5.723661556839942932e-02
5.782582983374595642e-02
5.604860931634902954e-02
5.551666393876075745e-02
5.670230463147163391e-02
5.423162877559661865e-02
5.630148574709892273e-02
5.656035616993904114e-02
