1.033742666244506836e+00
7.082369923591613770e-01
6.883671879768371582e-01
6.785894632339477539e-01
7.167495489120483398e-01
7.084970474243164062e-01
6.975016593933105469e-01
6.845471262931823730e-01
6.613358855247497559e-01
6.476654410362243652e-01
6.319019198417663574e-01
5.970578193664550781e-01
6.113310456275939941e-01
6.116027235984802246e-01
6.027402281761169434e-01
5.952059626579284668e-01
5.628427267074584961e-01
5.661152601242065430e-01
5.176315903663635254e-01
4.983183145523071289e-01
4.774276614189147949e-01
4.232006669044494629e-01
3.559459447860717773e-01
3.281461298465728760e-01
2.759357988834381104e-01
2.507899105548858643e-01
2.472371011972427368e-01
2.131951898336410522e-01
1.843183934688568115e-01
1.701626479625701904e-01
1.559971123933792114e-01
1.366441249847412109e-01
1.288927495479583740e-01
1.211176738142967224e-01
1.033101230859756470e-01
1.040052473545074463e-01
1.114233434200286865e-01
9.787700325250625610e-02
9.289216250181198120e-02
1.135938242077827454e-01
1.003093570470809937e-01
8.748610317707061768e-02
8.475830405950546265e-02
7.296101003885269165e-02
9.219632297754287720e-02
7.573811709880828857e-02
7.760691642761230469e-02
7.612201571464538574e-02
8.742054551839828491e-02
6.445176154375076294e-02
6.245808303356170654e-02
5.605411902070045471e-02
6.929770857095718384e-02
6.079946085810661316e-02
5.782309547066688538e-02
5.488555878400802612e-02
5.228543281555175781e-02
5.271662771701812744e-02
6.421808153390884399e-02
5.382073670625686646e-02
5.337300896644592285e-02
5.285397917032241821e-02
5.201267078518867493e-02
5.091948807239532471e-02
6.067781895399093628e-02
5.096914619207382202e-02
5.345008522272109985e-02
4.732821509242057800e-02
4.905556142330169678e-02
4.913562163710594177e-02
4.749556258320808411e-02
5.012207105755805969e-02
4.573259130120277405e-02
4.153074696660041809e-02
4.206258803606033325e-02
4.159300029277801514e-02
4.079623147845268250e-02
4.297296330332756042e-02
4.784805700182914734e-02
5.141711980104446411e-02
5.151624605059623718e-02
4.781018197536468506e-02
4.612103477120399475e-02
4.266170784831047058e-02
4.152411222457885742e-02
4.598889872431755066e-02
4.327749833464622498e-02
4.101046174764633179e-02
4.326986148953437805e-02
4.527020826935768127e-02
4.304590821266174316e-02
4.136827588081359863e-02
4.222805798053741455e-02
3.806081414222717285e-02
4.297735542058944702e-02
4.190269485116004944e-02
4.243465140461921692e-02
5.303274095058441162e-02
4.213275760412216187e-02
4.053664207458496094e-02
3.718679398298263550e-02
3.553757071495056152e-02
3.807387128472328186e-02
3.943582996726036072e-02
3.727995231747627258e-02
3.773641213774681091e-02
3.881885856389999390e-02
3.637885674834251404e-02
3.441618010401725769e-02
3.432622179388999939e-02
4.026587307453155518e-02
3.748285770416259766e-02
3.314807265996932983e-02
3.887197375297546387e-02
3.776812180876731873e-02
3.564506769180297852e-02
3.413461148738861084e-02
4.009411111474037170e-02
4.494769871234893799e-02
4.542556777596473694e-02
4.718216881155967712e-02
3.785755857825279236e-02
4.205087944865226746e-02
3.655663877725601196e-02
3.750984370708465576e-02
3.772622346878051758e-02
3.387080878019332886e-02
3.948163613677024841e-02
3.396753221750259399e-02
3.396419808268547058e-02
3.622791171073913574e-02
3.692846372723579407e-02
3.494714200496673584e-02
3.372066840529441833e-02
3.491990640759468079e-02
3.418952971696853638e-02
3.630253672599792480e-02
3.489653021097183228e-02
3.674550354480743408e-02
3.406646847724914551e-02
3.708620369434356689e-02
3.301811218261718750e-02
3.357308357954025269e-02
3.346086665987968445e-02
3.448430448770523071e-02
3.601805865764617920e-02
3.386496007442474365e-02
3.645770996809005737e-02
3.861275315284729004e-02
3.403890132904052734e-02
3.363801166415214539e-02
3.635082766413688660e-02
3.322443738579750061e-02
3.817287087440490723e-02
3.363621607422828674e-02
4.086939617991447449e-02
3.896134346723556519e-02
3.518188372254371643e-02
3.280318900942802429e-02
3.523774445056915283e-02
3.123659640550613403e-02
3.019186109304428101e-02
3.331183269619941711e-02
3.261537477374076843e-02
3.160826489329338074e-02
3.242711722850799561e-02
3.111087530851364136e-02
3.021893836557865143e-02
3.233853355050086975e-02
3.304539620876312256e-02
2.992717549204826355e-02
3.086020983755588531e-02
3.265864402055740356e-02
3.044518455862998962e-02
3.429573774337768555e-02
3.129753097891807556e-02
3.103186935186386108e-02
3.143149614334106445e-02
3.075479157269001007e-02
3.479741513729095459e-02
3.251859918236732483e-02
3.187231719493865967e-02
3.313626721501350403e-02
3.252044320106506348e-02
3.468412905931472778e-02
3.255542740225791931e-02
3.174049407243728638e-02
3.187755867838859558e-02
3.079633601009845734e-02
4.138147830963134766e-02
3.130075708031654358e-02
2.986429072916507721e-02
3.101056255400180817e-02
3.277600929141044617e-02
3.076880797743797302e-02
3.105017915368080139e-02
3.101967088878154755e-02
2.890778705477714539e-02
3.218684345483779907e-02
3.148211166262626648e-02
3.102106600999832153e-02
