1.059103727340698242e+00
7.551367282867431641e-01
7.180914878845214844e-01
6.970325708389282227e-01
6.845601201057434082e-01
6.776032447814941406e-01
6.614096164703369141e-01
6.387524604797363281e-01
5.760926604270935059e-01
5.618581771850585938e-01
5.571373105049133301e-01
5.545836091041564941e-01
5.338886976242065430e-01
5.266860723495483398e-01
5.155346393585205078e-01
4.847959578037261963e-01
4.667833447456359863e-01
4.495368599891662598e-01
4.466684758663177490e-01
4.345621466636657715e-01
4.186559021472930908e-01
4.308150410652160645e-01
4.261893928050994873e-01
4.133646190166473389e-01
4.180404543876647949e-01
4.130416810512542725e-01
3.885912299156188965e-01
4.028992652893066406e-01
4.082525372505187988e-01
3.898228406906127930e-01
3.941318690776824951e-01
3.839798271656036377e-01
3.871775269508361816e-01
3.894366919994354248e-01
3.927084207534790039e-01
3.901418745517730713e-01
3.715849518775939941e-01
3.785319030284881592e-01
3.860167860984802246e-01
3.651907444000244141e-01
3.829558491706848145e-01
3.729372620582580566e-01
3.616035580635070801e-01
3.675025999546051025e-01
3.655453026294708252e-01
3.622068166732788086e-01
3.580549359321594238e-01
3.444180786609649658e-01
3.489095568656921387e-01
3.325846195220947266e-01
3.323647677898406982e-01
3.363227844238281250e-01
3.282165527343750000e-01
3.050409555435180664e-01
3.016864955425262451e-01
2.876306176185607910e-01
2.823981642723083496e-01
2.809907793998718262e-01
2.640433311462402344e-01
2.759658992290496826e-01
2.667725980281829834e-01
2.638011276721954346e-01
2.631050646305084229e-01
2.402266561985015869e-01
2.360265851020812988e-01
2.113342285156250000e-01
2.094226777553558350e-01
2.120873034000396729e-01
1.950711309909820557e-01
2.049538642168045044e-01
1.971132308244705200e-01
1.860259622335433960e-01
1.870597898960113525e-01
1.770111620426177979e-01
1.657039821147918701e-01
1.584280729293823242e-01
1.523940414190292358e-01
1.502374112606048584e-01
1.459123194217681885e-01
1.443108767271041870e-01
1.457100957632064819e-01
1.285378336906433105e-01
1.228569298982620239e-01
1.196183338761329651e-01
1.115326210856437683e-01
1.204288452863693237e-01
1.151091828942298889e-01
1.093241423368453979e-01
1.080333217978477478e-01
1.019622460007667542e-01
1.033530011773109436e-01
9.905025362968444824e-02
9.192559868097305298e-02
9.049910306930541992e-02
8.455716818571090698e-02
8.173336833715438843e-02
8.393016457557678223e-02
7.444130629301071167e-02
8.161371201276779175e-02
7.073479145765304565e-02
7.207643240690231323e-02
6.971079856157302856e-02
6.590913236141204834e-02
6.438271701335906982e-02
6.336569786071777344e-02
5.943436175584793091e-02
6.744662672281265259e-02
6.335931271314620972e-02
6.030524522066116333e-02
6.314954906702041626e-02
6.314799934625625610e-02
5.326437950134277344e-02
5.141472816467285156e-02
5.260511487722396851e-02
5.264322459697723389e-02
5.489804968237876892e-02
4.876234009861946106e-02
5.103751271963119507e-02
4.492956027388572693e-02
4.474171251058578491e-02
4.249418899416923523e-02
4.006576538085937500e-02
4.338089376688003540e-02
4.366943612694740295e-02
4.077121242880821228e-02
3.895436599850654602e-02
3.667656704783439636e-02
3.742673620581626892e-02
3.574881702661514282e-02
3.857617452740669250e-02
3.674503415822982788e-02
3.622984886169433594e-02
3.642121329903602600e-02
3.500340506434440613e-02
3.336508199572563171e-02
3.613888844847679138e-02
3.660869970917701721e-02
3.390159830451011658e-02
3.370030969381332397e-02
3.425993770360946655e-02
3.361391648650169373e-02
2.954289503395557404e-02
3.226885572075843811e-02
3.183528780937194824e-02
2.729550935328006744e-02
2.936530672013759613e-02
2.835062704980373383e-02
3.050987981259822845e-02
2.617282979190349579e-02
2.811364084482192993e-02
2.733431756496429443e-02
2.478342689573764801e-02
2.457814477384090424e-02
2.694573998451232910e-02
2.658679522573947906e-02
2.640465274453163147e-02
2.589963562786579132e-02
2.460493706166744232e-02
2.126164548099040985e-02
2.189516089856624603e-02
2.442398853600025177e-02
2.497819066047668457e-02
2.452953718602657318e-02
2.152940258383750916e-02
2.389734610915184021e-02
2.301292493939399719e-02
2.315755933523178101e-02
2.357834205031394958e-02
2.226977050304412842e-02
2.261619642376899719e-02
2.354670502245426178e-02
2.271153964102268219e-02
2.277912944555282593e-02
2.013328671455383301e-02
1.985900849103927612e-02
2.277366071939468384e-02
2.073588781058788300e-02
2.024002932012081146e-02
2.060992643237113953e-02
2.170863375067710876e-02
2.112609148025512695e-02
1.997513324022293091e-02
1.869907416403293610e-02
2.070724032819271088e-02
2.059269323945045471e-02
1.967973075807094574e-02
1.692443713545799255e-02
1.712186634540557861e-02
1.794092915952205658e-02
1.725747808814048767e-02
1.668024994432926178e-02
1.984866335988044739e-02
1.908625662326812744e-02
1.795261353254318237e-02
1.794078014791011810e-02
1.761169172823429108e-02
1.754398271441459656e-02
1.580735668540000916e-02
1.680368557572364807e-02
1.629962585866451263e-02
1.680224016308784485e-02
