9.828651547431945801e-01
8.235536217689514160e-01
8.785162568092346191e-01
9.107999801635742188e-01
8.675851821899414062e-01
8.315814137458801270e-01
7.697849273681640625e-01
7.387984395027160645e-01
7.398233413696289062e-01
7.148104310035705566e-01
7.167304754257202148e-01
7.123127579689025879e-01
6.976180076599121094e-01
7.053141593933105469e-01
6.888779401779174805e-01
6.820024251937866211e-01
6.736634969711303711e-01
6.585093736648559570e-01
6.654693484306335449e-01
6.640117764472961426e-01
6.644968390464782715e-01
6.570190787315368652e-01
6.602276563644409180e-01
6.476289033889770508e-01
6.480453014373779297e-01
6.418878436088562012e-01
6.438230276107788086e-01
6.473073959350585938e-01
6.542909741401672363e-01
6.492722034454345703e-01
6.512733697891235352e-01
6.386703848838806152e-01
6.428304910659790039e-01
6.423034071922302246e-01
6.434626579284667969e-01
6.409507989883422852e-01
6.433004736900329590e-01
6.258617043495178223e-01
6.346341967582702637e-01
6.024606823921203613e-01
6.146557927131652832e-01
6.145731210708618164e-01
6.010769009590148926e-01
6.049636006355285645e-01
5.925657749176025391e-01
5.911704301834106445e-01
5.806230902671813965e-01
5.796964764595031738e-01
5.757587552070617676e-01
5.526668429374694824e-01
5.498107671737670898e-01
5.420628190040588379e-01
5.386508107185363770e-01
5.113041400909423828e-01
5.029932260513305664e-01
4.808674752712249756e-01
4.801019728183746338e-01
4.767627120018005371e-01
4.528255164623260498e-01
4.500787556171417236e-01
4.460111558437347412e-01
4.133380055427551270e-01
4.256155192852020264e-01
3.985488712787628174e-01
3.759794831275939941e-01
3.577992618083953857e-01
3.505045473575592041e-01
3.569209575653076172e-01
3.283313810825347900e-01
3.247758746147155762e-01
3.180695772171020508e-01
3.164369463920593262e-01
3.025127947330474854e-01
2.856663763523101807e-01
2.749215662479400635e-01
2.638298571109771729e-01
2.556087374687194824e-01
2.456885874271392822e-01
2.354860454797744751e-01
2.401889860630035400e-01
2.380817979574203491e-01
2.206213027238845825e-01
2.037854492664337158e-01
1.995666623115539551e-01
1.941879093647003174e-01
2.115984410047531128e-01
1.900254637002944946e-01
1.882047951221466064e-01
1.767035722732543945e-01
1.672270148992538452e-01
1.725640147924423218e-01
1.691840589046478271e-01
1.607310473918914795e-01
1.470144987106323242e-01
1.469825953245162964e-01
1.429473459720611572e-01
1.388980150222778320e-01
1.368104815483093262e-01
1.371577978134155273e-01
1.259593814611434937e-01
1.270439326763153076e-01
1.281443089246749878e-01
1.190007701516151428e-01
1.188874542713165283e-01
1.127751246094703674e-01
1.091108396649360657e-01
1.199790537357330322e-01
1.127115637063980103e-01
1.084943711757659912e-01
1.112455874681472778e-01
1.066087186336517334e-01
9.860695898532867432e-02
8.838798850774765015e-02
9.356184303760528564e-02
9.861015528440475464e-02
9.665505588054656982e-02
8.620864897966384888e-02
9.253054112195968628e-02
8.628573268651962280e-02
8.406993001699447632e-02
8.000114560127258301e-02
7.617304474115371704e-02
8.106433600187301636e-02
7.791288942098617554e-02
7.431560009717941284e-02
7.073660939931869507e-02
7.071723788976669312e-02
7.128866016864776611e-02
6.754505634307861328e-02
7.019791007041931152e-02
6.721256673336029053e-02
6.713040918111801147e-02
6.559871137142181396e-02
6.715954840183258057e-02
6.803604960441589355e-02
6.802222132682800293e-02
6.488760560750961304e-02
6.224786862730979919e-02
6.243287399411201477e-02
6.438404321670532227e-02
6.164396554231643677e-02
5.921848490834236145e-02
6.132435053586959839e-02
5.735033378005027771e-02
5.699824914336204529e-02
5.561483278870582581e-02
5.326690897345542908e-02
5.732772871851921082e-02
5.536561459302902222e-02
5.601969361305236816e-02
5.432256683707237244e-02
5.108536779880523682e-02
5.134364217519760132e-02
5.251611396670341492e-02
4.904753342270851135e-02
5.214339867234230042e-02
5.232996493577957153e-02
4.844459891319274902e-02
4.711449891328811646e-02
4.624362662434577942e-02
5.122634395956993103e-02
4.726408049464225769e-02
4.819220304489135742e-02
4.674382135272026062e-02
4.563166946172714233e-02
4.957885667681694031e-02
4.763280972838401794e-02
4.795628786087036133e-02
4.812317714095115662e-02
4.447793215513229370e-02
4.509517922997474670e-02
4.768588766455650330e-02
4.671493545174598694e-02
4.305810481309890747e-02
4.292767867445945740e-02
4.765200242400169373e-02
4.160752519965171814e-02
4.679993912577629089e-02
4.572507739067077637e-02
4.631093889474868774e-02
4.534269496798515320e-02
4.222016409039497375e-02
4.350113123655319214e-02
4.432670772075653076e-02
4.328255727887153625e-02
3.945199400186538696e-02
3.959302604198455811e-02
3.892280533909797668e-02
3.834659233689308167e-02
4.018667340278625488e-02
3.948551788926124573e-02
4.087669029831886292e-02
3.970728814601898193e-02
3.855783492326736450e-02
3.911066055297851562e-02
3.911795467138290405e-02
4.056815430521965027e-02
3.959458321332931519e-02
3.915511816740036011e-02
3.643677383661270142e-02
3.905859962105751038e-02
