1.151945352554321289e+00
9.990515708923339844e-01
9.791780114173889160e-01
9.691970348358154297e-01
9.595785140991210938e-01
9.454331994056701660e-01
9.051092863082885742e-01
8.701615333557128906e-01
8.683455586433410645e-01
8.695043325424194336e-01
8.713985085487365723e-01
8.716953992843627930e-01
8.773661851882934570e-01
8.680958747863769531e-01
8.482278585433959961e-01
8.418188691139221191e-01
8.484106659889221191e-01
8.483380079269409180e-01
8.433938622474670410e-01
8.359049558639526367e-01
8.321949243545532227e-01
8.145761489868164062e-01
8.231176733970642090e-01
8.073670864105224609e-01
7.924371957778930664e-01
7.914596796035766602e-01
7.759512066841125488e-01
7.743647098541259766e-01
7.576122879981994629e-01
7.600486874580383301e-01
7.535239458084106445e-01
7.385192513465881348e-01
7.380971312522888184e-01
7.130295038223266602e-01
7.245942354202270508e-01
7.246417403221130371e-01
7.091730833053588867e-01
7.091365456581115723e-01
7.201236486434936523e-01
7.064035534858703613e-01
7.073552608489990234e-01
7.044212222099304199e-01
6.879675984382629395e-01
6.944317221641540527e-01
6.936751008033752441e-01
6.798838973045349121e-01
6.775396466255187988e-01
6.629819869995117188e-01
6.596189141273498535e-01
6.492900252342224121e-01
6.421690583229064941e-01
6.318235397338867188e-01
6.218677759170532227e-01
5.822928547859191895e-01
5.938096642494201660e-01
5.734591484069824219e-01
5.402837991714477539e-01
5.494220256805419922e-01
5.309038162231445312e-01
5.225408077239990234e-01
5.201928019523620605e-01
5.211509466171264648e-01
5.077859163284301758e-01
4.803865551948547363e-01
4.698537886142730713e-01
4.283175170421600342e-01
4.211278855800628662e-01
4.047535955905914307e-01
3.785176873207092285e-01
4.014236927032470703e-01
3.888094425201416016e-01
3.765431642532348633e-01
3.722943663597106934e-01
3.494785130023956299e-01
3.323385715484619141e-01
3.295784294605255127e-01
3.087712824344635010e-01
3.075492084026336670e-01
3.007774353027343750e-01
2.843066453933715820e-01
2.944160699844360352e-01
2.571495175361633301e-01
2.425145208835601807e-01
2.409364730119705200e-01
2.214179188013076782e-01
2.415468394756317139e-01
2.375113070011138916e-01
2.219874262809753418e-01
2.189654558897018433e-01
1.980949342250823975e-01
2.154787927865982056e-01
2.011066973209381104e-01
1.838870495557785034e-01
1.822283715009689331e-01
1.788655668497085571e-01
1.701431125402450562e-01
1.783926188945770264e-01
1.610802561044692993e-01
1.697135418653488159e-01
1.469829082489013672e-01
1.428493112325668335e-01
1.551406234502792358e-01
1.468494683504104614e-01
1.502069532871246338e-01
1.462464034557342529e-01
1.376877129077911377e-01
1.488044857978820801e-01
1.414247751235961914e-01
1.288281530141830444e-01
1.423299610614776611e-01
1.362136602401733398e-01
1.206730827689170837e-01
1.178080961108207703e-01
1.225150376558303833e-01
1.236744150519371033e-01
1.281080693006515503e-01
1.178428232669830322e-01
1.217168346047401428e-01
1.108234822750091553e-01
1.055857017636299133e-01
1.025331616401672363e-01
1.030791625380516052e-01
1.058187037706375122e-01
1.045011058449745178e-01
9.648492932319641113e-02
9.498147666454315186e-02
9.745990484952926636e-02
9.780025482177734375e-02
9.424908459186553955e-02
9.012784063816070557e-02
9.302872419357299805e-02
9.186153858900070190e-02
9.524668008089065552e-02
8.854264020919799805e-02
8.770861476659774780e-02
9.574069827795028687e-02
9.367581456899642944e-02
9.481219202280044556e-02
8.923558145761489868e-02
8.717687427997589111e-02
8.477807790040969849e-02
9.048221260309219360e-02
9.063594043254852295e-02
8.481404185295104980e-02
8.016250282526016235e-02
8.053974062204360962e-02
7.902862131595611572e-02
8.216645568609237671e-02
7.909419387578964233e-02
8.591368049383163452e-02
7.877602428197860718e-02
7.500862330198287964e-02
7.554273307323455811e-02
7.795666158199310303e-02
7.487273216247558594e-02
7.886840403079986572e-02
7.418195158243179321e-02
7.246150076389312744e-02
7.133917510509490967e-02
6.930051743984222412e-02
7.547329366207122803e-02
7.307904958724975586e-02
7.620653510093688965e-02
7.000058144330978394e-02
6.844447553157806396e-02
7.283651828765869141e-02
7.051371783018112183e-02
7.481101900339126587e-02
7.495751231908798218e-02
7.164620608091354370e-02
6.955785304307937622e-02
7.338098436594009399e-02
7.275001704692840576e-02
6.985313445329666138e-02
6.874291598796844482e-02
7.255087047815322876e-02
7.055699080228805542e-02
6.558297574520111084e-02
7.365243136882781982e-02
7.181216776371002197e-02
6.978814303874969482e-02
6.663784384727478027e-02
6.615331768989562988e-02
6.580908596515655518e-02
6.714925169944763184e-02
6.780888885259628296e-02
6.353085488080978394e-02
6.605475395917892456e-02
6.366398185491561890e-02
6.455950438976287842e-02
6.225951015949249268e-02
6.909406930208206177e-02
6.717009842395782471e-02
6.444210559129714966e-02
6.751009076833724976e-02
6.521705538034439087e-02
6.623761355876922607e-02
6.313885003328323364e-02
6.092356145381927490e-02
6.271415203809738159e-02
6.372633576393127441e-02
