8.646013140678405762e-01
5.828061699867248535e-01
5.814871191978454590e-01
5.889381170272827148e-01
6.197686195373535156e-01
5.765318870544433594e-01
6.103967428207397461e-01
6.129295229911804199e-01
5.928452610969543457e-01
5.802499651908874512e-01
5.730530023574829102e-01
5.635035634040832520e-01
5.785686969757080078e-01
5.821939706802368164e-01
5.619013309478759766e-01
5.505857467651367188e-01
5.501575469970703125e-01
5.515539050102233887e-01
5.556559562683105469e-01
5.557842254638671875e-01
5.533207654953002930e-01
5.525468587875366211e-01
5.472511649131774902e-01
5.585383772850036621e-01
5.391318798065185547e-01
5.549494624137878418e-01
5.400461554527282715e-01
5.579236149787902832e-01
5.298936367034912109e-01
5.458344817161560059e-01
5.362637639045715332e-01
5.266402959823608398e-01
5.282635092735290527e-01
5.187796354293823242e-01
5.226352214813232422e-01
5.235503315925598145e-01
5.144552588462829590e-01
5.213051438331604004e-01
5.074800252914428711e-01
5.078468322753906250e-01
5.062638521194458008e-01
5.013082623481750488e-01
4.972364902496337891e-01
4.839031994342803955e-01
4.808948338031768799e-01
4.768043756484985352e-01
4.770879149436950684e-01
4.702468216419219971e-01
4.589741826057434082e-01
4.634900689125061035e-01
4.586540162563323975e-01
4.392429888248443604e-01
4.291211962699890137e-01
4.280166327953338623e-01
4.215091466903686523e-01
4.061155319213867188e-01
3.920356035232543945e-01
3.888503909111022949e-01
3.763293921947479248e-01
3.590067625045776367e-01
3.565014898777008057e-01
3.173193335533142090e-01
3.174826502799987793e-01
3.042529225349426270e-01
2.852756381034851074e-01
2.617403566837310791e-01
2.522878646850585938e-01
2.423785924911499023e-01
2.377365529537200928e-01
2.238222658634185791e-01
2.183308452367782593e-01
2.156663239002227783e-01
1.981020718812942505e-01
2.096042037010192871e-01
1.974260360002517700e-01
1.860404163599014282e-01
1.887382864952087402e-01
1.771819293498992920e-01
1.685495823621749878e-01
1.563240587711334229e-01
1.586421281099319458e-01
1.516480147838592529e-01
1.420532166957855225e-01
1.567820310592651367e-01
1.521708518266677856e-01
1.366059184074401855e-01
1.353838145732879639e-01
1.362234205007553101e-01
1.374561637639999390e-01
1.337244808673858643e-01
1.216226220130920410e-01
1.214857697486877441e-01
1.252611577510833740e-01
1.260566562414169312e-01
1.222183108329772949e-01
1.076094955205917358e-01
1.064308732748031616e-01
1.109933853149414062e-01
1.059371158480644226e-01
1.120633557438850403e-01
1.036264896392822266e-01
9.582274407148361206e-02
9.348707646131515503e-02
9.973872452974319458e-02
9.702539443969726562e-02
9.456912428140640259e-02
8.807425200939178467e-02
9.000778943300247192e-02
8.967381715774536133e-02
8.972854167222976685e-02
8.244487643241882324e-02
8.546205610036849976e-02
8.333513140678405762e-02
7.689205557107925415e-02
8.134897798299789429e-02
7.613087445497512817e-02
7.506109774112701416e-02
6.963245570659637451e-02
7.109019905328750610e-02
7.029040157794952393e-02
6.916038691997528076e-02
6.977343559265136719e-02
7.078207284212112427e-02
6.605219841003417969e-02
6.445197016000747681e-02
6.369448453187942505e-02
6.673599034547805786e-02
6.546704471111297607e-02
6.279839575290679932e-02
6.064556911587715149e-02
6.146226078271865845e-02
6.408557295799255371e-02
6.168031319975852966e-02
5.972719565033912659e-02
5.290340259671211243e-02
5.389531329274177551e-02
5.635959655046463013e-02
5.592118576169013977e-02
5.190448462963104248e-02
5.794519558548927307e-02
5.788920074701309204e-02
5.163026601076126099e-02
5.005199089646339417e-02
5.450334027409553528e-02
5.202509835362434387e-02
5.834492295980453491e-02
5.017508566379547119e-02
5.019563436508178711e-02
4.794483631849288940e-02
4.403661563992500305e-02
4.749913141131401062e-02
4.504955932497978210e-02
4.642173647880554199e-02
4.521772265434265137e-02
4.402045905590057373e-02
4.336517676711082458e-02
4.418093711137771606e-02
4.691321030259132385e-02
4.223313182592391968e-02
4.377834871411323547e-02
4.326372221112251282e-02
4.072729125618934631e-02
4.046358540654182434e-02
4.331246018409729004e-02
4.343669861555099487e-02
4.400336369872093201e-02
4.001785814762115479e-02
4.155134782195091248e-02
4.303981363773345947e-02
3.911945596337318420e-02
3.921423852443695068e-02
3.793358802795410156e-02
4.015936329960823059e-02
3.584378585219383240e-02
3.645330294966697693e-02
3.387266397476196289e-02
3.304046392440795898e-02
3.540519624948501587e-02
3.804838657379150391e-02
3.544675558805465698e-02
3.702046349644660950e-02
3.422582149505615234e-02
3.757422044873237610e-02
3.641767427325248718e-02
3.445041179656982422e-02
3.337153792381286621e-02
3.358124569058418274e-02
3.458680957555770874e-02
3.360598906874656677e-02
3.185620158910751343e-02
3.259557858109474182e-02
3.311635553836822510e-02
3.314042463898658752e-02
3.275224938988685608e-02
3.086511418223381042e-02
3.089223243296146393e-02
3.015705756843090057e-02
3.133037313818931580e-02
2.865478582680225372e-02
2.984971366822719574e-02
3.074335120618343353e-02
