1.031796455383300781e+00
6.493561267852783203e-01
6.547532677650451660e-01
7.177524566650390625e-01
6.461392641067504883e-01
6.094670295715332031e-01
5.221139192581176758e-01
5.035803318023681641e-01
5.116425156593322754e-01
4.549740552902221680e-01
4.285331666469573975e-01
4.370231032371520996e-01
4.328531622886657715e-01
4.159637987613677979e-01
4.002658426761627197e-01
3.921640813350677490e-01
3.768582940101623535e-01
3.846273720264434814e-01
3.628365099430084229e-01
3.489091396331787109e-01
3.417381048202514648e-01
3.282607793807983398e-01
2.608369290828704834e-01
2.438840121030807495e-01
2.065398544073104858e-01
1.811880916357040405e-01
1.725917160511016846e-01
1.476095020771026611e-01
1.363911032676696777e-01
1.204256564378738403e-01
1.115140765905380249e-01
8.633755892515182495e-02
8.965997397899627686e-02
8.996003866195678711e-02
6.808600574731826782e-02
6.511819362640380859e-02
6.828342378139495850e-02
7.048679143190383911e-02
5.959191545844078064e-02
7.657326757907867432e-02
7.601092010736465454e-02
5.951569229364395142e-02
5.312867090106010437e-02
4.686787351965904236e-02
5.777588859200477600e-02
4.884867742657661438e-02
5.326343327760696411e-02
5.275488644838333130e-02
5.195167660713195801e-02
5.075650662183761597e-02
4.604557901620864868e-02
3.775884583592414856e-02
4.165097698569297791e-02
3.957355022430419922e-02
4.288278520107269287e-02
3.780183196067810059e-02
3.220055624842643738e-02
3.133836388587951660e-02
4.662924259901046753e-02
4.159668833017349243e-02
3.388004750013351440e-02
3.587092459201812744e-02
3.762286156415939331e-02
3.531022742390632629e-02
4.617923125624656677e-02
3.475434333086013794e-02
3.653476387262344360e-02
3.551062196493148804e-02
2.917807921767234802e-02
3.893757611513137817e-02
3.408420458436012268e-02
3.551198542118072510e-02
3.034622035920619965e-02
2.819019183516502380e-02
2.586996369063854218e-02
2.856700681149959564e-02
2.280560880899429321e-02
3.272217512130737305e-02
2.908041141927242279e-02
3.856099024415016174e-02
3.418471291661262512e-02
2.981190010905265808e-02
2.458836138248443604e-02
2.739131636917591095e-02
3.325360268354415894e-02
2.639421448111534119e-02
2.638752013444900513e-02
2.372794412076473236e-02
2.473057433962821960e-02
2.462876215577125549e-02
2.185845747590065002e-02
2.525657415390014648e-02
2.838998287916183472e-02
2.309519611299037933e-02
3.210052102804183960e-02
2.430005185306072235e-02
2.969091758131980896e-02
4.064448177814483643e-02
2.879441715776920319e-02
2.253399044275283813e-02
2.600008808076381683e-02
2.429843321442604065e-02
2.141489088535308838e-02
2.225140295922756195e-02
2.470098063349723816e-02
2.303412370383739471e-02
2.523590996861457825e-02
2.159835025668144226e-02
2.248950861394405365e-02
2.143350243568420410e-02
2.599484659731388092e-02
2.231467887759208679e-02
1.826927438378334045e-02
2.171786502003669739e-02
1.819431409239768982e-02
1.794098317623138428e-02
1.950497739017009735e-02
2.506737224757671356e-02
3.295211121439933777e-02
3.041790984570980072e-02
2.686388418078422546e-02
2.317517623305320740e-02
2.067871578037738800e-02
1.951487734913825989e-02
1.771161705255508423e-02
1.911943033337593079e-02
1.780287921428680420e-02
1.943254470825195312e-02
2.236505597829818726e-02
1.935851201415061951e-02
1.968682557344436646e-02
2.501691319048404694e-02
2.304020524024963379e-02
2.134046889841556549e-02
2.155260369181632996e-02
2.197171375155448914e-02
2.228744141757488251e-02
1.634428463876247406e-02
1.871559396386146545e-02
1.920774579048156738e-02
1.991271227598190308e-02
1.792404055595397949e-02
1.773587428033351898e-02
1.550961565226316452e-02
2.109068259596824646e-02
2.132212743163108826e-02
1.764914020895957947e-02
2.335469983518123627e-02
2.631924301385879517e-02
2.446587383747100830e-02
1.689070835709571838e-02
1.664514467120170593e-02
1.902879774570465088e-02
1.933163218200206757e-02
2.189948037266731262e-02
3.567155823111534119e-02
2.235564962029457092e-02
1.675784960389137268e-02
1.672982051968574524e-02
1.721825078129768372e-02
1.802223920822143555e-02
1.659530214965343475e-02
1.820299401879310608e-02
1.644026301801204681e-02
1.584856957197189331e-02
1.880292035639286041e-02
1.648538187146186829e-02
1.705344766378402710e-02
1.532278023660182953e-02
1.640306971967220306e-02
1.869712397456169128e-02
1.579343527555465698e-02
1.464651059359312057e-02
1.501694042235612869e-02
1.718547381460666656e-02
1.688803918659687042e-02
1.602297276258468628e-02
1.506465766578912735e-02
1.421198807656764984e-02
2.080267108976840973e-02
1.550558116286993027e-02
1.856123842298984528e-02
1.457172539085149765e-02
1.407630462199449539e-02
1.907611265778541565e-02
1.601182483136653900e-02
1.860362850129604340e-02
1.504554040729999542e-02
1.495900750160217285e-02
2.237069420516490936e-02
1.618324033915996552e-02
1.523970067501068115e-02
1.376546826213598251e-02
1.622930727899074554e-02
1.639267429709434509e-02
1.544090919196605682e-02
1.408455893397331238e-02
1.423745229840278625e-02
1.411113329231739044e-02
1.468593534082174301e-02
1.679103821516036987e-02
