1.907161116600036621e+00
1.000956296920776367e+00
1.054636359214782715e+00
1.070239067077636719e+00
1.076464414596557617e+00
1.067629456520080566e+00
1.082079291343688965e+00
1.061418294906616211e+00
1.035601496696472168e+00
1.012715458869934082e+00
1.006176114082336426e+00
1.006373286247253418e+00
9.950369000434875488e-01
9.865776896476745605e-01
9.794195294380187988e-01
9.734900593757629395e-01
9.623902440071105957e-01
9.644587635993957520e-01
9.551707506179809570e-01
9.515894055366516113e-01
9.494085311889648438e-01
9.480258226394653320e-01
9.525711536407470703e-01
9.411991834640502930e-01
9.357279539108276367e-01
9.316589236259460449e-01
9.325503706932067871e-01
9.264449477195739746e-01
9.265761375427246094e-01
9.384987354278564453e-01
9.243941903114318848e-01
9.215450286865234375e-01
9.183991551399230957e-01
9.160434007644653320e-01
9.040815234184265137e-01
9.065769910812377930e-01
9.030539393424987793e-01
8.984451889991760254e-01
8.872928619384765625e-01
8.711925745010375977e-01
8.827537298202514648e-01
8.480120301246643066e-01
8.540940880775451660e-01
8.332707881927490234e-01
8.232486844062805176e-01
8.199958801269531250e-01
8.045973777770996094e-01
7.945997714996337891e-01
7.833834290504455566e-01
7.739956378936767578e-01
7.651854157447814941e-01
7.516404986381530762e-01
7.513505220413208008e-01
7.390838265419006348e-01
7.322459816932678223e-01
7.130882143974304199e-01
6.944023370742797852e-01
6.797928810119628906e-01
6.720538735389709473e-01
6.484161019325256348e-01
6.254254579544067383e-01
5.834543704986572266e-01
5.629043579101562500e-01
5.396380424499511719e-01
5.107014775276184082e-01
4.729454517364501953e-01
4.567689597606658936e-01
4.437409639358520508e-01
4.301046431064605713e-01
4.162295758724212646e-01
4.027488529682159424e-01
3.965205550193786621e-01
3.753153383731842041e-01
3.888499736785888672e-01
3.620194196701049805e-01
3.450989127159118652e-01
3.486183583736419678e-01
3.459708392620086670e-01
3.214175701141357422e-01
3.041902184486389160e-01
2.895270884037017822e-01
2.885019183158874512e-01
2.909749150276184082e-01
3.040488660335540771e-01
2.983801662921905518e-01
2.710708379745483398e-01
2.613177895545959473e-01
2.562859654426574707e-01
2.825772166252136230e-01
2.619548439979553223e-01
2.434230148792266846e-01
2.331123501062393188e-01
2.460978180170059204e-01
2.447479665279388428e-01
2.438078522682189941e-01
2.290267348289489746e-01
2.220790535211563110e-01
2.215725332498550415e-01
2.246336787939071655e-01
2.195468693971633911e-01
2.132934629917144775e-01
2.080152183771133423e-01
1.993112862110137939e-01
1.995918303728103638e-01
1.982716619968414307e-01
2.005220353603363037e-01
1.887488961219787598e-01
1.884942650794982910e-01
1.878517121076583862e-01
1.857734769582748413e-01
1.775602251291275024e-01
1.781872510910034180e-01
1.739941388368606567e-01
1.779479533433914185e-01
1.729125082492828369e-01
1.676688194274902344e-01
1.705980896949768066e-01
1.638884991407394409e-01
1.611022055149078369e-01
1.574078053236007690e-01
1.593356281518936157e-01
1.616111099720001221e-01
1.637743264436721802e-01
1.506569236516952515e-01
1.501465141773223877e-01
1.470304280519485474e-01
1.586552262306213379e-01
1.469314098358154297e-01
1.456276327371597290e-01
1.420421302318572998e-01
1.468164324760437012e-01
1.512937396764755249e-01
1.444325745105743408e-01
1.384588778018951416e-01
1.355141699314117432e-01
1.323445439338684082e-01
1.394252330064773560e-01
1.391240358352661133e-01
1.338086575269699097e-01
1.434249877929687500e-01
1.378723829984664917e-01
1.357737630605697632e-01
1.285836249589920044e-01
1.294509619474411011e-01
1.308236718177795410e-01
1.363013833761215210e-01
1.285450756549835205e-01
1.250669658184051514e-01
1.238818541169166565e-01
1.226914897561073303e-01
1.215971559286117554e-01
1.186378300189971924e-01
1.185600236058235168e-01
1.178877353668212891e-01
1.163311526179313660e-01
1.194510534405708313e-01
1.187018752098083496e-01
1.172883808612823486e-01
1.204367429018020630e-01
1.183883771300315857e-01
1.187109947204589844e-01
1.117290407419204712e-01
1.111502498388290405e-01
1.105603203177452087e-01
1.159744113683700562e-01
1.132383048534393311e-01
1.100186184048652649e-01
1.160046532750129700e-01
1.158037409186363220e-01
1.126177012920379639e-01
1.104756072163581848e-01
1.087544858455657959e-01
1.087220236659049988e-01
1.049131080508232117e-01
1.054010987281799316e-01
1.045714393258094788e-01
1.036287620663642883e-01
1.043970510363578796e-01
1.075955405831336975e-01
1.044632196426391602e-01
1.046938076615333557e-01
1.046945452690124512e-01
1.023486182093620300e-01
1.044424921274185181e-01
1.047654822468757629e-01
1.029204353690147400e-01
1.003688424825668335e-01
1.007125824689865112e-01
1.006966307759284973e-01
9.792130440473556519e-02
1.001384258270263672e-01
1.010561212897300720e-01
1.030175015330314636e-01
9.926553070545196533e-02
9.677180647850036621e-02
9.842707961797714233e-02
9.526325017213821411e-02
9.791621565818786621e-02
9.351550787687301636e-02
9.330943226814270020e-02
9.481071680784225464e-02
