9.429107308387756348e-01
6.726660132408142090e-01
6.330708861351013184e-01
6.350812315940856934e-01
6.537013053894042969e-01
6.630023121833801270e-01
6.980016231536865234e-01
7.176114320755004883e-01
7.117373347282409668e-01
7.018424272537231445e-01
7.044460773468017578e-01
7.014920115470886230e-01
6.956133842468261719e-01
6.968737244606018066e-01
6.901190280914306641e-01
6.915032863616943359e-01
6.859672665596008301e-01
6.901113986968994141e-01
6.853758096694946289e-01
6.827875375747680664e-01
6.812772750854492188e-01
6.794778704643249512e-01
6.822441816329956055e-01
6.783166527748107910e-01
6.697494983673095703e-01
6.729987263679504395e-01
6.698008775711059570e-01
6.665598750114440918e-01
6.640226244926452637e-01
6.646750569343566895e-01
6.692901253700256348e-01
6.638059616088867188e-01
6.629802584648132324e-01
6.615902185440063477e-01
6.554108262062072754e-01
6.540970206260681152e-01
6.520733833312988281e-01
6.450665593147277832e-01
6.450988054275512695e-01
6.347028017044067383e-01
6.435177326202392578e-01
6.154498457908630371e-01
6.211556792259216309e-01
6.021965742111206055e-01
5.891888737678527832e-01
5.865522027015686035e-01
5.772992372512817383e-01
5.534919500350952148e-01
5.460309982299804688e-01
5.463870167732238770e-01
5.270431041717529297e-01
5.195729136466979980e-01
5.050545334815979004e-01
5.010969638824462891e-01
4.862253367900848389e-01
4.666201770305633545e-01
4.548078477382659912e-01
4.387257397174835205e-01
4.273493587970733643e-01
4.052343070507049561e-01
3.991073369979858398e-01
3.716782331466674805e-01
3.555490076541900635e-01
3.419034183025360107e-01
3.186233937740325928e-01
2.955827713012695312e-01
2.814102470874786377e-01
2.710806727409362793e-01
2.696657180786132812e-01
2.584525346755981445e-01
2.505512833595275879e-01
2.465181201696395874e-01
2.254418432712554932e-01
2.341607064008712769e-01
2.175833582878112793e-01
2.119361907243728638e-01
2.114355415105819702e-01
2.068972289562225342e-01
1.909647136926651001e-01
1.836865544319152832e-01
1.742586940526962280e-01
1.683516949415206909e-01
1.684878170490264893e-01
1.806281358003616333e-01
1.719337701797485352e-01
1.617633104324340820e-01
1.513999253511428833e-01
1.567307412624359131e-01
1.626295298337936401e-01
1.493786275386810303e-01
1.377437859773635864e-01
1.303525716066360474e-01
1.402393132448196411e-01
1.425323933362960815e-01
1.417441666126251221e-01
1.296828240156173706e-01
1.270647943019866943e-01
1.245178580284118652e-01
1.239354163408279419e-01
1.257527023553848267e-01
1.194913014769554138e-01
1.124637722969055176e-01
1.103683188557624817e-01
1.127785071730613708e-01
1.041693314909934998e-01
1.112010106444358826e-01
1.039513871073722839e-01
1.058845967054367065e-01
1.001586616039276123e-01
1.001512035727500916e-01
9.962531179189682007e-02
9.746593236923217773e-02
9.494230151176452637e-02
9.471707046031951904e-02
9.780584275722503662e-02
8.846725523471832275e-02
9.066367149353027344e-02
8.481265604496002197e-02
8.714468032121658325e-02
8.559028059244155884e-02
8.527646213769912720e-02
8.532720059156417847e-02
8.758822083473205566e-02
8.393520116806030273e-02
7.668164372444152832e-02
7.933935523033142090e-02
8.186198770999908447e-02
7.866010814905166626e-02
7.366131991147994995e-02
7.517971843481063843e-02
7.257927954196929932e-02
7.551048696041107178e-02
7.503828406333923340e-02
7.247351109981536865e-02
6.954893469810485840e-02
6.624616682529449463e-02
7.267048209905624390e-02
7.001262158155441284e-02
6.685126572847366333e-02
6.804237514734268188e-02
6.774597615003585815e-02
6.666153669357299805e-02
6.458176672458648682e-02
6.725696474313735962e-02
6.636578589677810669e-02
6.760121881961822510e-02
6.157823279500007629e-02
6.291200220584869385e-02
5.844699591398239136e-02
5.786287784576416016e-02
6.263995915651321411e-02
5.862966179847717285e-02
5.551019683480262756e-02
5.545489862561225891e-02
5.830862373113632202e-02
5.561905354261398315e-02
5.540655925869941711e-02
6.053303927183151245e-02
5.533133819699287415e-02
5.630367994308471680e-02
5.810165032744407654e-02
5.387114360928535461e-02
5.151978507637977600e-02
5.610205605626106262e-02
5.977141112089157104e-02
5.284436047077178955e-02
5.088282376527786255e-02
5.238181725144386292e-02
5.418688058853149414e-02
5.358718708157539368e-02
5.098302289843559265e-02
5.024825781583786011e-02
5.156718194484710693e-02
4.954444244503974915e-02
4.961540177464485168e-02
4.831576719880104065e-02
4.815150797367095947e-02
4.686365649104118347e-02
5.019513145089149475e-02
4.985232278704643250e-02
4.927341267466545105e-02
4.876575618982315063e-02
5.034664645791053772e-02
4.896346107125282288e-02
4.717418551445007324e-02
4.685586690902709961e-02
4.731941595673561096e-02
4.667995870113372803e-02
4.530343785881996155e-02
4.500380158424377441e-02
4.718682169914245605e-02
4.527096450328826904e-02
4.469821974635124207e-02
4.619084671139717102e-02
4.482219740748405457e-02
4.750712960958480835e-02
4.292529821395874023e-02
4.271233454346656799e-02
4.353349655866622925e-02
4.246620833873748779e-02
4.334135353565216064e-02
