1.163166046142578125e+00
4.309605956077575684e-01
3.960607647895812988e-01
3.817853331565856934e-01
3.641861677169799805e-01
3.680793642997741699e-01
3.286597430706024170e-01
3.159980773925781250e-01
3.049780726432800293e-01
3.015544414520263672e-01
2.978949844837188721e-01
2.998860776424407959e-01
2.958681583404541016e-01
2.954644858837127686e-01
2.919318079948425293e-01
2.958335578441619873e-01
2.960174977779388428e-01
2.907931208610534668e-01
2.855643928050994873e-01
2.843277454376220703e-01
2.850036621093750000e-01
2.842861115932464600e-01
2.841910123825073242e-01
2.838344871997833252e-01
2.819281816482543945e-01
2.827042937278747559e-01
2.794072628021240234e-01
2.818909287452697754e-01
2.796519398689270020e-01
2.811579704284667969e-01
2.770627737045288086e-01
2.718733549118041992e-01
2.713719010353088379e-01
2.717041075229644775e-01
2.681944072246551514e-01
2.708590626716613770e-01
2.668406367301940918e-01
2.689144313335418701e-01
2.738166451454162598e-01
2.649772763252258301e-01
2.636426985263824463e-01
2.629495263099670410e-01
2.602617442607879639e-01
2.559966146945953369e-01
2.545849978923797607e-01
2.530617713928222656e-01
2.501346170902252197e-01
2.486856132745742798e-01
2.448337525129318237e-01
2.411640733480453491e-01
2.435293346643447876e-01
2.555825710296630859e-01
2.314685732126235962e-01
2.384386062622070312e-01
2.248248606920242310e-01
2.222725152969360352e-01
2.181935161352157593e-01
2.132789194583892822e-01
2.035480141639709473e-01
1.982216686010360718e-01
2.067659646272659302e-01
1.882889419794082642e-01
1.759417355060577393e-01
1.651341319084167480e-01
1.615205407142639160e-01
1.595549881458282471e-01
1.593348085880279541e-01
1.465737074613571167e-01
1.395997703075408936e-01
1.441260874271392822e-01
1.368543058633804321e-01
1.349879652261734009e-01
1.262381076812744141e-01
1.358209848403930664e-01
1.252066940069198608e-01
1.227849945425987244e-01
1.195842996239662170e-01
1.237432807683944702e-01
1.131663098931312561e-01
1.103281080722808838e-01
1.043988987803459167e-01
1.038321554660797119e-01
1.033521443605422974e-01
1.077384799718856812e-01
1.063562631607055664e-01
1.034149453043937683e-01
9.769092500209808350e-02
1.023928821086883545e-01
1.197325736284255981e-01
9.624211490154266357e-02
9.162843227386474609e-02
9.214369952678680420e-02
9.360966831445693970e-02
1.049494147300720215e-01
8.916955441236495972e-02
9.046629816293716431e-02
8.726307749748229980e-02
8.946710079908370972e-02
8.589264005422592163e-02
9.044367820024490356e-02
8.633868396282196045e-02
8.484355360269546509e-02
8.307975530624389648e-02
8.276163786649703979e-02
8.727623522281646729e-02
8.294195681810379028e-02
7.806013524532318115e-02
8.269358426332473755e-02
7.775048166513442993e-02
7.970225811004638672e-02
7.739807665348052979e-02
7.821285724639892578e-02
7.689737528562545776e-02
7.757298648357391357e-02
7.778816670179367065e-02
7.048956304788589478e-02
7.340899854898452759e-02
6.726411730051040649e-02
7.108804583549499512e-02
7.268774509429931641e-02
7.254388928413391113e-02
7.256801426410675049e-02
7.469464838504791260e-02
6.964851915836334229e-02
6.703956425189971924e-02
6.831677258014678955e-02
6.763131171464920044e-02
6.612194329500198364e-02
6.477455049753189087e-02
6.667674332857131958e-02
6.463322788476943970e-02
6.826421618461608887e-02
6.505614519119262695e-02
6.245484575629234314e-02
6.208720430731773376e-02
6.291501969099044800e-02
6.819484382867813110e-02
6.233232468366622925e-02
6.076639890670776367e-02
6.265331804752349854e-02
6.219646707177162170e-02
5.946232005953788757e-02
5.966070294380187988e-02
6.421455740928649902e-02
6.089501455426216125e-02
5.823494866490364075e-02
5.539052188396453857e-02
5.951149389147758484e-02
5.605372041463851929e-02
5.817340314388275146e-02
6.126301735639572144e-02
5.682907626032829285e-02
5.689610540866851807e-02
5.734200030565261841e-02
5.947119742631912231e-02
5.489569902420043945e-02
5.531434714794158936e-02
5.892439186573028564e-02
5.677511543035507202e-02
5.633125826716423035e-02
5.814016982913017273e-02
5.192162469029426575e-02
5.169180408120155334e-02
5.612772703170776367e-02
5.903587862849235535e-02
5.247954279184341431e-02
5.312009155750274658e-02
5.777103826403617859e-02
5.480544269084930420e-02
5.114140734076499939e-02
5.215341970324516296e-02
5.075265467166900635e-02
5.317939445376396179e-02
5.080174654722213745e-02
5.164412781596183777e-02
5.041324347257614136e-02
5.076865851879119873e-02
4.966629296541213989e-02
5.271800979971885681e-02
5.120899528264999390e-02
5.139226466417312622e-02
4.805627837777137756e-02
5.189092084765434265e-02
5.309099704027175903e-02
4.916121810674667358e-02
4.939893260598182678e-02
4.867163673043251038e-02
4.848933219909667969e-02
4.804939031600952148e-02
4.882168397307395935e-02
4.721944034099578857e-02
4.734905809164047241e-02
4.882710427045822144e-02
4.741761088371276855e-02
4.583969712257385254e-02
4.775578156113624573e-02
4.497623443603515625e-02
4.586225375533103943e-02
4.656877368688583374e-02
4.554236680269241333e-02
4.594095423817634583e-02
