2.639546692371368408e-01
4.897901415824890137e-02
3.779628500342369080e-02
2.828744798898696899e-02
2.467687427997589111e-02
2.252422086894512177e-02
2.183836698532104492e-02
1.958983577787876129e-02
1.888579130172729492e-02
1.829229481518268585e-02
1.647557131946086884e-02
1.630235649645328522e-02
1.539499498903751373e-02
1.488078013062477112e-02
1.403632108122110367e-02
1.341909728944301605e-02
1.247461419552564621e-02
1.237422879785299301e-02
1.126194093376398087e-02
1.099514961242675781e-02
1.054915320128202438e-02
9.704058989882469177e-03
9.734727442264556885e-03
9.246247820556163788e-03
8.697430603206157684e-03
8.657926693558692932e-03
8.220694959163665771e-03
8.162329904735088348e-03
7.942510768771171570e-03
8.083806373178958893e-03
7.549336645752191544e-03
7.266141008585691452e-03
6.939540151506662369e-03
6.967668421566486359e-03
6.689206231385469437e-03
6.780915427953004837e-03
6.660945713520050049e-03
6.493349559605121613e-03
6.514928303658962250e-03
6.338466424494981766e-03
6.319792941212654114e-03
6.019000429660081863e-03
6.033970508724451065e-03
5.934102926403284073e-03
5.896784365177154541e-03
5.930650513619184494e-03
5.818122997879981995e-03
5.771307740360498428e-03
5.643611773848533630e-03
5.642681848257780075e-03
5.575332790613174438e-03
5.395340733230113983e-03
5.262888967990875244e-03
5.214679520577192307e-03
5.177558399736881256e-03
5.127151962369680405e-03
5.116070155054330826e-03
5.187468137592077255e-03
5.040014162659645081e-03
5.126425065100193024e-03
5.055059678852558136e-03
4.783841315656900406e-03
4.841196350753307343e-03
4.835148341953754425e-03
4.872167948633432388e-03
4.781904630362987518e-03
4.787545651197433472e-03
4.601477179676294327e-03
4.642030689865350723e-03
4.752140026539564133e-03
4.643490072339773178e-03
4.425737075507640839e-03
4.424324259161949158e-03
4.443560261279344559e-03
4.415468778461217880e-03
4.328730981796979904e-03
4.367303103208541870e-03
4.305562935769557953e-03
4.246077500283718109e-03
4.361036699265241623e-03
4.310312215238809586e-03
4.033992532640695572e-03
4.153746645897626877e-03
4.012751858681440353e-03
4.170279484242200851e-03
4.137677606195211411e-03
3.966077696532011032e-03
3.971522208303213120e-03
3.974255640059709549e-03
3.943335730582475662e-03
3.845438128337264061e-03
3.824233077466487885e-03
3.755278419703245163e-03
3.760735737159848213e-03
3.832883900031447411e-03
3.654881147667765617e-03
3.677830565720796585e-03
3.677516477182507515e-03
3.702363464981317520e-03
3.715346101671457291e-03
3.719860920682549477e-03
3.610304789617657661e-03
3.446443239226937294e-03
3.345377277582883835e-03
3.465339075773954391e-03
3.384469309821724892e-03
3.456504549831151962e-03
3.485228167846798897e-03
3.565145889297127724e-03
3.390419529750943184e-03
3.450820455327630043e-03
3.291890025138854980e-03
3.273902460932731628e-03
3.262230195105075836e-03
3.365342039614915848e-03
3.203558037057518959e-03
3.304812824353575706e-03
3.308622399345040321e-03
3.217725083231925964e-03
3.267666790634393692e-03
3.384000388905405998e-03
3.136503277346491814e-03
3.186305286362767220e-03
3.163479967042803764e-03
3.105627140030264854e-03
3.179632825776934624e-03
3.025133395567536354e-03
3.118161810562014580e-03
3.025881713256239891e-03
3.155270125716924667e-03
3.021341050043702126e-03
2.980773337185382843e-03
3.002006094902753830e-03
2.811265876516699791e-03
2.942758845165371895e-03
3.079076064750552177e-03
2.919172635301947594e-03
2.946262946352362633e-03
3.059722017496824265e-03
2.973586088046431541e-03
2.883342560380697250e-03
2.781045855954289436e-03
2.830224810168147087e-03
2.820386085659265518e-03
2.714147791266441345e-03
2.751943189650774002e-03
2.789178397506475449e-03
2.950695808976888657e-03
2.902800682932138443e-03
2.797320950776338577e-03
2.844342263415455818e-03
2.684562932699918747e-03
2.617335412651300430e-03
2.738177310675382614e-03
2.829183358699083328e-03
2.749739680439233780e-03
2.720042597502470016e-03
2.769942162558436394e-03
2.638063859194517136e-03
2.707111649215221405e-03
2.667410532012581825e-03
2.667075255885720253e-03
2.594733843579888344e-03
2.593488432466983795e-03
2.692772774025797844e-03
2.565410453826189041e-03
2.477182075381278992e-03
2.607363974675536156e-03
2.574475016444921494e-03
2.528667449951171875e-03
2.535642124712467194e-03
2.499975496903061867e-03
2.345481654629111290e-03
2.475879853591322899e-03
2.507437020540237427e-03
2.418010495603084564e-03
2.440634649246931076e-03
2.565041417255997658e-03
2.415600931271910667e-03
2.444248180836439133e-03
2.463944023475050926e-03
2.380372723564505577e-03
2.321181818842887878e-03
2.452710177749395370e-03
2.301419153809547424e-03
2.458601957187056541e-03
2.348553156480193138e-03
2.482935553416609764e-03
2.318649785593152046e-03
2.415489638224244118e-03
2.350585767999291420e-03
2.315680962055921555e-03
2.322193235158920288e-03
2.389248926192522049e-03
2.478417009115219116e-03
2.397568896412849426e-03
2.381581813097000122e-03
2.224473515525460243e-03
2.342805964872241020e-03
2.145527163520455360e-03
2.304645720869302750e-03
