3.763398885726928711e+00
1.111081957817077637e+00
9.399590492248535156e-01
9.098353385925292969e-01
7.883893847465515137e-01
7.565742135047912598e-01
6.789400577545166016e-01
6.540837287902832031e-01
6.706150770187377930e-01
6.122607588768005371e-01
6.189225316047668457e-01
5.869387388229370117e-01
5.801562070846557617e-01
5.715157985687255859e-01
5.450350046157836914e-01
5.468432903289794922e-01
5.300231575965881348e-01
5.239642858505249023e-01
4.895389080047607422e-01
5.105250477790832520e-01
4.676426947116851807e-01
4.277193844318389893e-01
4.044932723045349121e-01
3.784057796001434326e-01
3.650643825531005859e-01
3.269861042499542236e-01
2.802349627017974854e-01
2.926137447357177734e-01
2.685828208923339844e-01
2.475244551897048950e-01
2.361632436513900757e-01
2.424940317869186401e-01
2.283997088670730591e-01
2.031529992818832397e-01
1.923307776451110840e-01
1.928535848855972290e-01
2.027294188737869263e-01
1.964775919914245605e-01
1.941688656806945801e-01
1.689953655004501343e-01
1.895757466554641724e-01
1.626576334238052368e-01
1.560828685760498047e-01
1.534024626016616821e-01
1.703862249851226807e-01
1.596727222204208374e-01
1.766292005777359009e-01
1.396400034427642822e-01
1.614761799573898315e-01
1.305127888917922974e-01
1.330521702766418457e-01
1.448532342910766602e-01
1.435877233743667603e-01
1.326138228178024292e-01
1.280118227005004883e-01
1.371389776468276978e-01
1.283507794141769409e-01
1.279372870922088623e-01
1.411636173725128174e-01
1.248835027217864990e-01
1.225930899381637573e-01
1.144149750471115112e-01
1.197690665721893311e-01
1.058574542403221130e-01
1.237790137529373169e-01
1.342232674360275269e-01
1.181015074253082275e-01
1.264024525880813599e-01
1.350577324628829956e-01
1.271141469478607178e-01
1.018004268407821655e-01
1.515492200851440430e-01
1.174080297350883484e-01
1.228161901235580444e-01
1.367042511701583862e-01
1.180617734789848328e-01
1.359305083751678467e-01
1.045761853456497192e-01
1.166297495365142822e-01
1.323850899934768677e-01
1.166654527187347412e-01
1.119675710797309875e-01
1.145165190100669861e-01
1.033786460757255554e-01
1.004066169261932373e-01
8.725989609956741333e-02
1.163408756256103516e-01
1.085383519530296326e-01
8.720222860574722290e-02
9.225472807884216309e-02
9.627776592969894409e-02
7.839895039796829224e-02
1.020896211266517639e-01
1.071061417460441589e-01
9.189990162849426270e-02
8.513766527175903320e-02
8.614932745695114136e-02
1.832279115915298462e-01
9.420471638441085815e-02
7.574844360351562500e-02
9.317175298929214478e-02
9.247167408466339111e-02
8.445014804601669312e-02
8.153459429740905762e-02
8.597072958946228027e-02
7.763952016830444336e-02
7.613933831453323364e-02
8.957853913307189941e-02
7.648061215877532959e-02
8.833526074886322021e-02
9.688249230384826660e-02
6.452872604131698608e-02
7.863610982894897461e-02
6.571287661790847778e-02
7.187929004430770874e-02
7.837769389152526855e-02
8.045607060194015503e-02
8.664329349994659424e-02
1.281019002199172974e-01
1.322078853845596313e-01
9.758755564689636230e-02
6.259228289127349854e-02
7.344423979520797729e-02
5.989310890436172485e-02
7.059454917907714844e-02
6.917598098516464233e-02
8.900889009237289429e-02
7.627606391906738281e-02
6.653853505849838257e-02
7.166779786348342896e-02
6.803721934556961060e-02
1.084842681884765625e-01
4.830554127693176270e-02
7.847693562507629395e-02
6.991273164749145508e-02
6.095213815569877625e-02
6.538943946361541748e-02
5.155745148658752441e-02
5.931269749999046326e-02
6.142130494117736816e-02
6.663253903388977051e-02
9.249768406152725220e-02
6.554367393255233765e-02
9.112571924924850464e-02
6.314100325107574463e-02
6.164965033531188965e-02
6.744311004877090454e-02
6.608262658119201660e-02
9.210660308599472046e-02
9.931618720293045044e-02
6.069704890251159668e-02
8.412745594978332520e-02
6.270038336515426636e-02
6.947148591279983521e-02
5.251040309667587280e-02
9.243508428335189819e-02
6.959997862577438354e-02
5.391144379973411560e-02
6.153735145926475525e-02
5.290202051401138306e-02
6.169386953115463257e-02
5.581713095307350159e-02
6.544624269008636475e-02
5.179855227470397949e-02
4.155853018164634705e-02
5.573881790041923523e-02
5.881944298744201660e-02
5.021046102046966553e-02
5.064676329493522644e-02
5.651737749576568604e-02
5.417880043387413025e-02
4.847193881869316101e-02
4.133315011858940125e-02
5.570147186517715454e-02
6.304360181093215942e-02
7.152159512042999268e-02
4.863173887133598328e-02
4.206103831529617310e-02
4.785913974046707153e-02
8.073319494724273682e-02
5.786091834306716919e-02
4.050422832369804382e-02
4.341409727931022644e-02
4.361924156546592712e-02
7.669369876384735107e-02
6.008032709360122681e-02
5.128281936049461365e-02
3.898309916257858276e-02
4.557736590504646301e-02
7.544543594121932983e-02
5.032070353627204895e-02
3.817994520068168640e-02
4.267708212137222290e-02
3.248682245612144470e-02
3.529565036296844482e-02
4.300688579678535461e-02
3.686038404703140259e-02
4.841973632574081421e-02
4.102727398276329041e-02
3.477692604064941406e-02
4.223717749118804932e-02
