1.194528484344482422e+01
2.450112104415893555e+00
1.868039727210998535e+00
1.833693027496337891e+00
1.723850488662719727e+00
1.598246216773986816e+00
1.535096883773803711e+00
1.272676587104797363e+00
1.213913321495056152e+00
1.157717943191528320e+00
1.092991232872009277e+00
1.137169599533081055e+00
1.100558996200561523e+00
1.028808951377868652e+00
1.000296235084533691e+00
9.696129560470581055e-01
9.443160891532897949e-01
9.949830770492553711e-01
8.679048418998718262e-01
8.964956998825073242e-01
9.254155755043029785e-01
8.359934091567993164e-01
8.314160704612731934e-01
8.130642771720886230e-01
7.907676696777343750e-01
7.836115360260009766e-01
8.750171065330505371e-01
7.904619574546813965e-01
7.917490601539611816e-01
8.619670867919921875e-01
7.611088156700134277e-01
7.516642808914184570e-01
7.361847162246704102e-01
7.430920600891113281e-01
7.236577868461608887e-01
7.175712585449218750e-01
7.160602211952209473e-01
7.105836272239685059e-01
6.834450364112854004e-01
7.064993381500244141e-01
6.891192793846130371e-01
6.815985441207885742e-01
6.410790681838989258e-01
6.642464995384216309e-01
6.752439737319946289e-01
6.396873593330383301e-01
6.334568262100219727e-01
6.383665800094604492e-01
6.463218331336975098e-01
6.325330734252929688e-01
6.083452105522155762e-01
5.995540022850036621e-01
6.166138052940368652e-01
5.395302772521972656e-01
5.557151436805725098e-01
6.058162450790405273e-01
5.594660639762878418e-01
4.852685928344726562e-01
5.025883316993713379e-01
5.210417509078979492e-01
4.884747862815856934e-01
4.775954782962799072e-01
4.733518660068511963e-01
4.274486899375915527e-01
4.209424555301666260e-01
4.373783767223358154e-01
4.288717210292816162e-01
4.248323142528533936e-01
3.957277536392211914e-01
3.992077112197875977e-01
3.967352211475372314e-01
3.781113922595977783e-01
3.809899985790252686e-01
3.523784875869750977e-01
3.596459031105041504e-01
3.529771566390991211e-01
3.360789418220520020e-01
3.149487972259521484e-01
3.185232579708099365e-01
3.325788378715515137e-01
2.907230854034423828e-01
2.942744493484497070e-01
2.990083098411560059e-01
2.897391319274902344e-01
2.904315590858459473e-01
2.886064648628234863e-01
2.709350585937500000e-01
2.806426882743835449e-01
2.648861110210418701e-01
2.651503086090087891e-01
2.513049542903900146e-01
2.504092156887054443e-01
2.559754848480224609e-01
2.486704885959625244e-01
2.464069426059722900e-01
2.487579733133316040e-01
2.257768660783767700e-01
2.489565908908843994e-01
2.275209575891494751e-01
2.321395128965377808e-01
2.231037318706512451e-01
2.084198445081710815e-01
2.081684619188308716e-01
2.180942893028259277e-01
2.051853239536285400e-01
2.036813646554946899e-01
1.941826045513153076e-01
1.923192441463470459e-01
2.002400606870651245e-01
1.993772536516189575e-01
1.928976029157638550e-01
1.886275857686996460e-01
1.777271181344985962e-01
1.788478940725326538e-01
1.811349689960479736e-01
1.754764616489410400e-01
1.734221875667572021e-01
1.705843061208724976e-01
1.779955029487609863e-01
1.782156229019165039e-01
1.746204197406768799e-01
1.627827137708663940e-01
1.632213145494461060e-01
1.573072224855422974e-01
1.713752597570419312e-01
1.559336185455322266e-01
1.548461914062500000e-01
1.514350175857543945e-01
1.667033880949020386e-01
1.522076278924942017e-01
1.461765319108963013e-01
1.442776471376419067e-01
1.370130926370620728e-01
1.575502157211303711e-01
1.482980102300643921e-01
1.560672372579574585e-01
1.354204714298248291e-01
1.385375112295150757e-01
1.368757933378219604e-01
1.398539841175079346e-01
1.390206217765808105e-01
1.339621394872665405e-01
1.296606659889221191e-01
1.287475526332855225e-01
1.324895024299621582e-01
1.313117593526840210e-01
1.266259253025054932e-01
1.253205537796020508e-01
1.271439641714096069e-01
1.266557723283767700e-01
1.285220682621002197e-01
1.270270049571990967e-01
1.240949854254722595e-01
1.245305985212326050e-01
1.210056692361831665e-01
1.193535774946212769e-01
1.148265823721885681e-01
1.133511662483215332e-01
1.154995337128639221e-01
1.123974695801734924e-01
1.179137900471687317e-01
1.101351007819175720e-01
1.117360368371009827e-01
1.132847666740417480e-01
1.110305562615394592e-01
1.101926118135452271e-01
1.028863415122032166e-01
1.015991270542144775e-01
1.067585051059722900e-01
1.046010404825210571e-01
1.038328185677528381e-01
1.004832386970520020e-01
9.776277095079421997e-02
1.010979264974594116e-01
1.039800867438316345e-01
1.034329608082771301e-01
1.097703650593757629e-01
9.949170053005218506e-02
9.861637651920318604e-02
1.006477624177932739e-01
1.003453284502029419e-01
9.067175537347793579e-02
9.408362209796905518e-02
9.278824180364608765e-02
9.378192573785781860e-02
9.207429736852645874e-02
8.744118362665176392e-02
9.666061401367187500e-02
9.011777490377426147e-02
9.060714393854141235e-02
9.070858359336853027e-02
8.556167781352996826e-02
8.480632305145263672e-02
8.606553077697753906e-02
8.738402277231216431e-02
8.762439340353012085e-02
8.228944987058639526e-02
8.538170158863067627e-02
8.676379173994064331e-02
8.562131971120834351e-02
8.469995856285095215e-02
